200 0
201 0
202 0
203 0
204 0
205 0
206 0
207 0
208 0
209 0
210 0
211 0
211 1
212 1
213 1
214 1
215 1
215 2
216 2
217 2
218 2
219 2
219 3
220 3
221 3
221 4
222 4
223 4
223 5
224 5
225 5
225 6
226 6
227 6
227 7
228 7
229 7
229 8
230 8
230 9
231 9
232 9
232 10
233 10
233 11
234 11
234 12
235 12
235 13
236 13
236 14
237 14
237 15
238 15
238 16
239 16
239 17
240 17
240 18
241 18
241 19
242 19
242 20
243 20
243 21
243 22
244 22
244 23
245 23
245 24
246 24
246 25
246 26
247 26
247 27
248 27
248 28
249 28
249 29
249 30
250 30
250 31
251 31
251 32
251 33
252 33
252 34
253 34
253 35
253 36
254 36
254 37
255 37
255 38
255 39
256 39
256 40
256 41
257 41
257 42
258 42
258 43
258 44
259 44
259 45
260 45
260 46
260 47
261 47
261 48
262 48
262 49
263 49
263 50
263 51
264 51
264 52
265 52
265 53
265 54
266 54
266 55
267 55
267 56
268 56
268 57
269 57
269 58
269 59
270 59
270 60
271 60
271 61
272 61
272 62
273 62
273 63
274 63
274 64
275 64
275 65
276 65
276 66
277 66
277 67
278 67
278 68
279 68
279 69
280 69
280 70
281 70
282 70
282 71
283 71
283 72
284 72
284 73
285 73
286 73
286 74
287 74
287 75
288 75
289 75
289 76
290 76
290 77
291 77
292 77
292 78
293 78
294 78
294 79
295 79
296 79
296 80
297 80
298 80
298 81
299 81
300 81
300 82
301 82
302 82
303 82
303 83
304 83
305 83
306 83
306 84
307 84
308 84
309 84
309 85
310 85
311 85
312 85
313 85
313 86
314 86
315 86
316 86
317 86
318 86
318 87
319 87
320 87
321 87
322 87
323 87
324 87
324 88
325 88
326 88
327 88
328 88
329 88
330 88
331 88
332 88
333 88
334 88
335 88
336 88
337 88
338 88
339 88
340 88
341 88
342 88
343 88
344 88
345 88
346 88
347 88
348 88
349 88
350 88
351 88
352 88
353 88
354 88
355 88
356 88
357 88
358 88
358 87
359 87
360 87
361 87
362 87
363 87
364 87
365 87
366 87
366 86
367 86
368 86
369 86
370 86
371 86
372 86
373 86
373 85
374 85
375 85
376 85
377 85
378 85
379 85
379 84
380 84
381 84
382 84
383 84
384 84
384 83
385 83
386 83
387 83
388 83
389 83
389 82
390 82
391 82
392 82
393 82
394 82
394 81
395 81
396 81
397 81
398 81
398 80
399 80
400 80
401 80
402 80
402 79
403 79
404 79
405 79
406 79
406 78
407 78
408 78
409 78
410 77
411 77
412 77
413 77
413 76
414 76
415 76
416 76
417 76
417 75
418 75
419 75
420 75
420 74
421 74
422 74
423 74
424 73
425 73
426 73
427 73
427 72
428 72
429 72
430 72
430 71
431 71
432 71
433 71
433 70
434 70
435 70
436 70
436 69
437 69
438 69
439 69
439 68
440 68
441 68
442 68
442 67
443 67
444 67
445 67
445 66
446 66
447 66
448 66
448 65
449 65
450 65
451 65
451 64
452 64
453 64
454 64
454 63
455 63
456 63
457 63
457 62
458 62
459 62
459 61
460 61
461 61
462 61
462 60
463 60
464 60
465 60
465 59
466 59
467 59
467 58
468 58
469 58
470 58
470 57
471 57
472 57
473 57
473 56
474 56
475 56
475 55
476 55
477 55
478 55
478 54
479 54
480 54
480 53
481 53
482 53
483 53
483 52
484 52
485 52
485 51
486 51
487 51
488 51
488 50
489 50
490 50
490 49
491 49
492 49
493 49
493 48
494 48
495 48
495 47
496 47
497 47
498 47
498 46
499 46
500 46
500 45
501 45
502 45
502 44
503 44
504 44
505 44
505 43
506 43
507 43
507 42
508 42
509 42
510 42
510 41
511 41
512 41
512 40
513 40
514 40
514 39
515 39
516 39
517 38
518 38
519 38
519 37
520 37
521 37
521 36
522 36
523 36
523 35
524 35
525 35
526 35
526 34
527 34
528 34
528 33
529 33
530 33
530 32
531 32
532 32
532 31
533 31
534 31
535 30
536 30
537 30
537 29
538 29
539 29
539 28
540 28
541 28
541 27
542 27
543 27
543 26
544 26
545 26
546 25
547 25
548 25
548 24
549 24
550 24
550 23
551 23
552 23
552 22
553 22
554 22
554 21
555 21
556 21
556 20
557 20
558 20
558 19
559 19
560 19
561 18
562 18
563 18
563 17
564 17
565 17
565 16
566 16
567 16
567 15
568 15
569 15
569 14
570 14
571 14
571 13
572 13
573 13
573 12
574 12
575 12
575 11
576 11
577 11
577 10
578 10
579 10
579 9
580 9
581 9
581 8
582 8
583 8
583 7
584 7
585 7
585 6
586 6
587 6
587 5
588 5
589 5
590 4
591 4
592 3
593 3
594 2
595 2
596 1
597 1
598 0
599 0
600 0
601 0
602 -1
603 -1
604 -2
605 -2
606 -3
607 -3
608 -3
608 -4
609 -4
610 -4
610 -5
611 -5
612 -5
612 -6
613 -6
614 -6
614 -7
615 -7
616 -7
616 -8
617 -8
618 -8
618 -9
619 -9
620 -9
620 -10
621 -10
622 -10
622 -11
623 -11
624 -11
624 -12
625 -12
626 -12
626 -13
627 -13
628 -13
629 -13
629 -14
630 -14
631 -14
631 -15
632 -15
633 -15
633 -16
634 -16
635 -16
635 -17
636 -17
637 -17
637 -18
638 -18
639 -18
640 -18
640 -19
641 -19
642 -19
642 -20
643 -20
644 -20
644 -21
645 -21
646 -21
647 -21
647 -22
648 -22
649 -22
649 -23
650 -23
651 -23
651 -24
652 -24
653 -24
654 -25
655 -25
656 -25
656 -26
657 -26
658 -26
658 -27
659 -27
660 -27
661 -27
661 -28
662 -28
663 -28
663 -29
664 -29
665 -29
666 -29
666 -30
667 -30
668 -30
668 -31
669 -31
670 -31
671 -31
671 -32
672 -32
673 -32
674 -33
675 -33
676 -33
676 -34
677 -34
678 -34
679 -34
679 -35
680 -35
681 -35
682 -35
682 -36
683 -36
684 -36
684 -37
685 -37
686 -37
687 -37
687 -38
688 -38
689 -38
690 -38
690 -39
691 -39
692 -39
693 -39
693 -40
694 -40
695 -40
696 -40
696 -41
697 -41
698 -41
699 -41
699 -42
700 -42
701 -42
702 -42
702 -43
703 -43
704 -43
705 -43
705 -44
706 -44
707 -44
708 -44
709 -44
709 -45
710 -45
711 -45
712 -45
712 -46
713 -46
714 -46
715 -46
716 -46
716 -47
717 -47
718 -47
719 -47
720 -47
720 -48
721 -48
722 -48
723 -48
724 -48
724 -49
725 -49
726 -49
727 -49
728 -49
728 -50
729 -50
730 -50
731 -50
732 -50
733 -50
733 -51
734 -51
735 -51
736 -51
737 -51
738 -51
738 -52
739 -52
740 -52
741 -52
742 -52
743 -52
744 -52
744 -53
745 -53
746 -53
747 -53
748 -53
749 -53
750 -53
751 -53
752 -53
752 -54
753 -54
754 -54
755 -54
756 -54
757 -54
758 -54
759 -54
760 -54
761 -54
762 -54
763 -54
764 -54
765 -54
766 -54
767 -54
768 -54
769 -54
770 -54
771 -54
772 -54
772 -53
773 -53
774 -53
775 -53
776 -53
777 -53
778 -53
778 -52
779 -52
780 -52
781 -52
782 -52
782 -51
783 -51
784 -51
785 -51
785 -50
786 -50
787 -50
787 -49
788 -49
789 -49
789 -48
790 -48
790 -47
791 -47
792 -47
792 -46
793 -46
793 -45
794 -45
794 -44
795 -44
795 -43
796 -43
796 -42
796 -41
797 -41
797 -40
797 -39
798 -39
798 -38
798 -37
798 -36
799 -36
799 -35
799 -34
799 -33
799 -32
799 -31
799 -30
799 -29
799 -28
799 -27
799 -26
799 -25
799 -24
799 -23
799 -22
799 -21
798 -21
798 -20
798 -19
798 -18
798 -17
797 -17
797 -16
797 -15
797 -14
796 -14
796 -13
796 -12
796 -11
795 -11
795 -10
795 -9
794 -9
794 -8
794 -7
793 -7
793 -6
793 -5
792 -5
792 -4
792 -3
791 -3
791 -2
791 -1
790 -1
790 0
789 0
789 1
789 2
788 2
788 3
787 3
787 4
787 5
786 5
786 6
785 7
785 8
784 8
784 9
784 10
783 10
783 11
782 11
782 12
781 12
781 13
781 14
780 14
780 15
779 15
779 16
779 17
778 17
778 18
777 18
777 19
776 19
776 20
775 21
775 22
774 22
774 23
773 23
773 24
772 24
772 25
771 25
771 26
771 27
770 27
770 28
769 28
769 29
768 29
768 30
767 30
767 31
766 31
766 32
765 33
765 34
764 34
764 35
763 35
763 36
762 36
762 37
761 37
761 38
760 38
760 39
759 39
759 40
758 40
758 41
757 41
757 42
756 42
756 43
755 43
755 44
754 44
754 45
753 45
753 46
752 47
751 48
750 49
750 50
749 50
748 51
747 52
746 53
745 53
745 54
744 54
744 55
743 55
743 56
742 56
742 57
741 57
741 58
740 58
740 59
739 59
739 60
738 60
738 61
737 61
737 62
736 62
736 63
735 63
735 64
734 64
734 65
733 65
733 66
732 66
732 67
731 67
730 68
729 68
729 69
728 69
728 70
727 70
727 71
726 71
726 72
725 72
725 73
724 73
724 74
723 74
722 75
721 75
721 76
720 76
720 77
719 77
719 78
718 78
718 79
717 79
717 80
716 80
715 81
714 81
714 82
713 82
713 83
712 83
712 84
711 84
711 85
710 85
709 86
708 86
708 87
707 87
707 88
706 88
706 89
705 89
704 90
703 90
703 91
702 91
702 92
701 92
701 93
700 93
699 94
698 94
698 95
697 95
697 96
696 96
696 97
695 97
694 97
694 98
693 98
693 99
692 99
692 100
691 100
691 101
690 101
689 101
689 102
688 102
688 103
687 103
687 104
686 104
685 104
685 105
684 105
684 106
683 106
683 107
682 107
681 107
681 108
680 108
680 109
679 109
679 110
678 110
677 110
677 111
676 111
676 112
675 112
674 113
673 113
673 114
672 114
672 115
671 115
670 115
670 116
669 116
669 117
668 117
668 118
667 118
666 118
666 119
665 119
665 120
664 120
663 121
662 121
662 122
661 122
661 123
660 123
659 123
659 124
658 124
658 125
657 125
656 125
656 126
655 126
655 127
654 127
653 127
653 128
652 128
652 129
651 129
650 130
649 130
649 131
648 131
648 132
647 132
646 132
646 133
645 133
645 134
644 134
643 134
643 135
642 135
642 136
641 136
640 136
640 137
639 137
639 138
638 138
637 138
637 139
636 139
636 140
635 140
634 140
634 141
633 141
633 142
632 142
631 142
631 143
630 143
629 144
628 144
628 145
627 145
626 146
625 146
625 147
624 147
623 147
623 148
622 148
622 149
621 149
620 149
620 150
619 150
619 151
618 151
617 151
617 152
616 152
615 153
614 153
614 154
613 154
612 154
612 155
611 155
611 156
610 156
609 156
609 157
608 157
608 158
607 158
606 158
606 159
605 159
604 159
604 160
603 160
603 161
602 161
601 161
601 162
600 162
599 162
599 163
598 163
598 164
597 164
596 164
596 165
595 165
594 166
593 166
593 167
592 167
591 167
591 168
590 168
589 169
588 169
588 170
587 170
586 170
586 171
585 171
584 172
583 172
583 173
582 173
581 173
581 174
580 174
579 174
579 175
578 175
578 176
577 176
576 176
576 177
575 177
574 177
574 178
573 178
572 179
571 179
571 180
570 180
569 180
569 181
568 181
567 181
567 182
566 182
565 183
564 183
564 184
563 184
562 184
562 185
561 185
560 185
560 186
559 186
559 187
558 187
557 187
557 188
556 188
555 188
555 189
554 189
553 189
553 190
552 190
551 191
550 191
550 192
549 192
548 192
548 193
547 193
546 193
546 194
545 194
544 194
544 195
543 195
542 195
542 196
541 196
540 197
539 197
539 198
538 198
537 198
537 199
536 199
535 199
535 200
534 200
533 200
533 201
532 201
531 201
531 202
530 202
529 203
528 203
528 204
527 204
526 204
526 205
525 205
524 205
524 206
523 206
522 206
522 207
521 207
520 207
520 208
519 208
518 208
518 209
517 209
516 209
516 210
515 210
514 210
514 211
513 211
512 212
511 212
511 213
510 213
509 213
509 214
508 214
507 214
507 215
506 215
505 215
505 216
504 216
503 216
503 217
502 217
501 217
501 218
500 218
499 218
499 219
498 219
497 219
497 220
496 220
495 220
495 221
494 221
493 221
493 222
492 222
491 222
491 223
490 223
489 223
489 224
488 224
487 224
487 225
486 225
485 225
485 226
484 226
483 226
483 227
482 227
481 227
481 228
480 228
479 228
479 229
478 229
477 229
477 230
476 230
475 230
475 231
474 231
473 231
473 232
472 232
471 232
471 233
470 233
469 233
469 234
468 234
467 234
467 235
466 235
465 235
465 236
464 236
463 236
462 237
461 237
460 238
459 238
458 238
458 239
457 239
456 239
456 240
455 240
454 240
454 241
453 241
452 241
452 242
451 242
450 242
450 243
449 243
448 243
448 244
447 244
446 244
446 245
445 245
444 245
443 246
442 246
441 247
440 247
439 247
439 248
438 248
437 248
437 249
436 249
435 249
435 250
434 250
433 250
433 251
432 251
431 251
431 252
430 252
429 252
428 253
427 253
426 253
426 254
425 254
424 254
424 255
423 255
422 255
422 256
421 256
420 256
420 257
419 257
418 257
417 258
416 258
415 258
415 259
414 259
413 259
413 260
412 260
411 260
411 261
410 261
409 261
408 262
407 262
406 262
406 263
405 263
404 263
404 264
403 264
402 264
402 265
401 265
400 265
399 265
399 266
398 266
397 266
397 267
396 267
395 267
395 268
394 268
393 268
392 269
391 269
390 269
390 270
389 270
388 270
388 271
387 271
386 271
385 272
384 272
383 272
383 273
382 273
381 273
381 274
380 274
379 274
378 275
377 275
376 275
376 276
375 276
374 276
374 277
373 277
372 277
371 277
371 278
370 278
369 278
369 279
368 279
367 279
366 280
365 280
364 280
364 281
363 281
362 281
362 282
361 282
360 282
359 282
359 283
358 283
357 283
357 284
356 284
355 284
354 285
353 285
352 285
352 286
351 286
350 286
350 287
349 287
348 287
347 287
347 288
346 288
345 288
345 289
344 289
343 289
342 289
342 290
341 290
340 290
340 291
339 291
338 291
337 291
337 292
336 292
335 292
335 293
334 293
333 293
332 293
332 294
331 294
330 294
330 295
329 295
328 295
327 295
327 296
326 296
325 296
325 297
324 297
323 297
322 297
322 298
321 298
320 298
319 299
318 299
317 299
317 300
316 300
315 300
314 301
313 301
312 301
312 302
311 302
310 302
309 302
309 303
308 303
307 303
306 304
305 304
304 304
304 305
303 305
302 305
301 306
300 306
299 306
299 307
298 307
297 307
296 307
296 308
295 308
294 308
293 309
292 309
291 309
291 310
290 310
289 310
288 310
288 311
287 311
286 311
285 312
284 312
283 312
283 313
282 313
281 313
280 313
280 314
279 314
278 314
277 314
277 315
276 315
275 315
274 316
273 316
272 316
272 317
271 317
270 317
269 317
269 318
268 318
267 318
266 318
266 319
265 319
264 319
264 320
263 320
262 320
261 320
261 321
260 321
259 321
258 321
258 322
257 322
256 322
255 322
255 323
254 323
253 323
252 323
252 324
251 324
250 324
250 325
249 325
248 325
247 325
247 326
246 326
245 326
244 326
244 327
243 327
242 327
241 327
241 328
240 328
239 328
238 328
238 329
237 329
236 329
235 329
235 330
234 330
233 330
232 331
231 331
230 331
230 332
229 332
228 332
227 332
227 333
226 333
225 333
224 333
224 334
223 334
222 334
221 334
221 335
220 335
219 335
218 335
218 336
217 336
216 336
215 336
215 337
214 337
213 337
212 337
212 338
211 338
210 338
209 338
209 339
208 339
207 339
206 339
206 340
205 340
204 340
203 340
203 341
202 341
201 341
200 341
200 342
199 342
198 342
197 342
197 343
196 343
195 343
194 343
194 344
193 344
192 344
191 344
191 345
190 345
189 345
188 345
188 346
187 346
186 346
185 346
185 347
184 347
183 347
182 347
182 348
181 348
180 348
179 348
179 349
178 349
177 349
176 349
175 350
174 350
173 350
172 351
171 351
170 351
169 351
169 352
168 352
167 352
166 352
166 353
165 353
164 353
163 353
163 354
162 354
161 354
160 354
160 355
159 355
158 355
157 355
157 356
156 356
155 356
154 356
153 357
152 357
151 357
150 357
150 358
149 358
148 358
147 358
147 359
146 359
145 359
144 359
144 360
143 360
142 360
141 360
140 361
139 361
138 361
137 361
137 362
136 362
135 362
134 362
134 363
133 363
132 363
131 363
130 363
130 364
129 364
128 364
127 364
127 365
126 365
125 365
124 365
124 366
123 366
122 366
121 366
120 367
119 367
118 367
117 367
117 368
116 368
115 368
114 368
113 369
112 369
111 369
110 369
110 370
109 370
108 370
107 370
107 371
106 371
105 371
104 371
103 371
103 372
102 372
101 372
100 372
100 373
99 373
98 373
97 373
96 373
96 374
95 374
94 374
93 374
93 375
92 375
91 375
90 375
89 375
89 376
88 376
87 376
86 376
86 377
85 377
84 377
83 377
82 377
82 378
81 378
80 378
79 378
79 379
78 379
77 379
76 379
75 379
75 380
74 380
73 380
72 380
71 381
70 381
69 381
68 381
68 382
67 382
66 382
65 382
64 382
64 383
63 383
62 383
61 383
61 384
60 384
59 384
58 384
57 384
57 385
56 385
55 385
54 385
53 386
52 386
51 386
50 386
50 387
49 387
48 387
47 387
46 387
46 388
45 388
44 388
43 388
42 388
42 389
41 389
40 389
39 389
38 390
37 390
36 390
35 390
34 391
33 391
32 391
31 391
31 392
30 392
29 392
28 392
27 392
27 393
26 393
25 393
24 393
23 393
23 394
22 394
21 394
20 394
19 394
19 395
18 395
17 395
16 395
15 395
15 396
14 396
13 396
12 396
11 396
11 397
10 397
9 397
8 397
7 398
6 398
5 398
4 398
3 399
2 399
1 399
0 399
0 400
-1 400
-2 400
-3 400
-4 401
-5 401
-6 401
-7 401
-8 402
-9 402
-10 402
-11 402
-12 402
-12 403
-13 403
-14 403
-15 403
-16 403
-16 404
-17 404
-18 404
-19 404
-20 404
-20 405
-21 405
-22 405
-23 405
-24 405
-24 406
-25 406
-26 406
-27 406
-28 406
-29 407
-30 407
-31 407
-32 407
-33 407
-33 408
-34 408
-35 408
-36 408
-37 408
-37 409
-38 409
-39 409
-40 409
-41 409
-42 409
-42 410
-43 410
-44 410
-45 410
-46 410
-46 411
-47 411
-48 411
-49 411
-50 411
-51 411
-51 412
-52 412
-53 412
-54 412
-55 412
-55 413
-56 413
-57 413
-58 413
-59 413
-60 413
-60 414
-61 414
-62 414
-63 414
-64 414
-65 414
-65 415
-66 415
-67 415
-68 415
-69 415
-69 416
-70 416
-71 416
-72 416
-73 416
-74 416
-75 417
-76 417
-77 417
-78 417
-79 417
-79 418
-80 418
-81 418
-82 418
-83 418
-84 418
-84 419
-85 419
-86 419
-87 419
-88 419
-89 419
-90 420
-91 420
-92 420
-93 420
-94 420
-95 420
-95 421
-96 421
-97 421
-98 421
-99 421
-100 421
-100 422
-101 422
-102 422
-103 422
-104 422
-105 422
-106 422
-106 423
-107 423
-108 423
-109 423
-110 423
-111 423
-111 424
-112 424
-113 424
-114 424
-115 424
-116 424
-117 424
-117 425
-118 425
-119 425
-120 425
-121 425
-122 425
-123 425
-123 426
-124 426
-125 426
-126 426
-127 426
-128 426
-129 426
-129 427
-130 427
-131 427
-132 427
-133 427
-134 427
-135 427
-136 428
-137 428
-138 428
-139 428
-140 428
-141 428
-142 428
-142 429
-143 429
-144 429
-145 429
-146 429
-147 429
-148 429
-149 429
-149 430
-150 430
-151 430
-152 430
-153 430
-154 430
-155 430
-156 430
-156 431
-157 431
-158 431
-159 431
-160 431
-161 431
-162 431
-163 431
-164 431
-164 432
-165 432
-166 432
-167 432
-168 432
-169 432
-170 432
-171 432
-172 432
-172 433
-173 433
-174 433
-175 433
-176 433
-177 433
-178 433
-179 433
-180 433
-180 434
-181 434
-182 434
-183 434
-184 434
-185 434
-186 434
-187 434
-188 434
-189 434
-190 435
-191 435
-192 435
-193 435
-194 435
-195 435
-196 435
-197 435
-198 435
-199 435
-200 435
-200 436
-201 436
-202 436
-203 436
-204 436
-205 436
-206 436
-207 436
-208 436
-209 436
-210 436
-211 436
-211 437
-212 437
-213 437
-214 437
-215 437
-216 437
-217 437
-218 437
-219 437
-220 437
-221 437
-222 437
-223 437
-224 437
-225 437
-226 438
-227 438
-228 438
-229 438
-230 438
-231 438
-232 438
-233 438
-234 438
-235 438
-236 438
-237 438
-238 438
-239 438
-240 438
-241 438
-242 438
-243 438
-244 438
-245 438
-246 439
-247 439
-248 439
-249 439
-250 439
-251 439
-252 439
-253 439
-254 439
-255 439
-256 439
-257 439
-258 439
-259 439
-260 439
-261 439
-262 439
-263 439
-264 439
-265 439
-266 439
-267 439
-268 439
-269 439
-270 439
-271 439
-272 439
-273 439
-274 439
-275 439
-276 439
-277 439
-278 439
-279 439
-280 439
-281 439
-282 439
-283 439
-284 439
-285 439
-286 439
-287 439
-288 439
-289 439
-290 439
-291 439
-292 439
-293 439
-294 439
-295 439
-295 438
-296 438
-297 438
-298 438
-299 438
-300 438
-301 438
-302 438
-303 438
-304 438
-305 438
-306 438
-307 438
-308 438
-309 438
-310 438
-311 438
-312 438
-313 438
-313 437
-314 437
-315 437
-316 437
-317 437
-318 437
-319 437
-320 437
-321 437
-322 437
-323 437
-324 437
-324 436
-325 436
-326 436
-327 436
-328 436
-329 436
-330 436
-331 436
-332 436
-333 436
-334 436
-334 435
-335 435
-336 435
-337 435
-338 435
-339 435
-340 435
-341 435
-342 434
-343 434
-344 434
-345 434
-346 434
-347 434
-348 434
-348 433
-349 433
-350 433
-351 433
-352 433
-353 433
-354 433
-355 432
-356 432
-357 432
-358 432
-359 432
-360 432
-360 431
-361 431
-362 431
-363 431
-364 431
-365 431
-365 430
-366 430
-367 430
-368 430
-369 430
-370 430
-370 429
-371 429
-372 429
-373 429
-374 429
-375 429
-375 428
-376 428
-377 428
-378 428
-379 428
-379 427
-380 427
-381 427
-382 427
-383 427
-383 426
-384 426
-385 426
-386 426
-387 426
-387 425
-388 425
-389 425
-390 425
-390 424
-391 424
-392 424
-393 424
-394 424
-394 423
-395 423
-396 423
-397 423
-397 422
-398 422
-399 422
-400 422
-400 421
-401 421
-402 421
-403 421
-403 420
-404 420
-405 420
-406 420
-406 419
-407 419
-408 419
-409 419
-409 418
-410 418
-411 418
-412 418
-412 417
-413 417
-414 417
-414 416
-415 416
-416 416
-417 416
-417 415
-418 415
-419 415
-419 414
-420 414
-421 414
-422 413
-423 413
-424 413
-424 412
-425 412
-426 412
-426 411
-427 411
-428 411
-428 410
-429 410
-430 410
-430 409
-431 409
-432 409
-432 408
-433 408
-434 408
-434 407
-435 407
-436 407
-436 406
-437 406
-438 406
-438 405
-439 405
-440 405
-440 404
-441 404
-442 404
-442 403
-443 403
-444 403
-444 402
-445 402
-446 401
-447 401
-447 400
-448 400
-449 400
-449 399
-450 399
-451 398
-452 398
-452 397
-453 397
-454 397
-454 396
-455 396
-455 395
-456 395
-457 395
-457 394
-458 394
-458 393
-459 393
-459 392
-460 392
-461 392
-461 391
-462 391
-462 390
-463 390
-464 389
-465 389
-465 388
-466 388
-466 387
-467 387
-467 386
-468 386
-469 386
-469 385
-470 385
-470 384
-471 384
-471 383
-472 383
-472 382
-473 382
-473 381
-474 381
-474 380
-475 380
-476 379
-477 379
-477 378
-478 378
-478 377
-479 377
-479 376
-480 376
-480 375
-481 375
-481 374
-482 374
-482 373
-483 373
-483 372
-484 372
-484 371
-485 370
-485 369
-486 369
-486 368
-487 368
-487 367
-488 367
-488 366
-489 366
-489 365
-490 365
-490 364
-491 364
-491 363
-491 362
-492 362
-492 361
-493 361
-493 360
-494 360
-494 359
-495 359
-495 358
-495 357
-496 357
-496 356
-497 356
-497 355
-497 354
-498 354
-498 353
-499 353
-499 352
-500 351
-500 350
-501 350
-501 349
-501 348
-502 348
-502 347
-503 347
-503 346
-503 345
-504 345
-504 344
-504 343
-505 343
-505 342
-506 342
-506 341
-506 340
-507 340
-507 339
-507 338
-508 338
-508 337
-508 336
-509 336
-509 335
-509 334
-510 334
-510 333
-510 332
-511 332
-511 331
-511 330
-512 330
-512 329
-512 328
-512 327
-513 327
-513 326
-513 325
-514 325
-514 324
-514 323
-515 323
-515 322
-515 321
-515 320
-516 320
-516 319
-516 318
-516 317
-517 317
-517 316
-517 315
-517 314
-518 314
-518 313
-518 312
-518 311
-519 311
-519 310
-519 309
-519 308
-520 308
-520 307
-520 306
-520 305
-520 304
-521 304
-521 303
-521 302
-521 301
-521 300
-522 300
-522 299
-522 298
-522 297
-522 296
-523 296
-523 295
-523 294
-523 293
-523 292
-523 291
-524 291
-524 290
-524 289
-524 288
-524 287
-524 286
-524 285
-525 285
-525 284
-525 283
-525 282
-525 281
-525 280
-525 279
-525 278
-526 278
-526 277
-526 276
-526 275
-526 274
-526 273
-526 272
-526 271
-526 270
-526 269
-526 268
-527 268
-527 267
-527 266
-527 265
-527 264
-527 263
-527 262
-527 261
-527 260
-527 259
-527 258
-527 257
-527 256
-527 255
-527 254
-527 253
-527 252
-527 251
-527 250
-527 249
-527 248
-527 247
-527 246
-527 245
-527 244
-527 243
-527 242
-527 241
-527 240
-527 239
-527 238
-527 237
-527 236
-527 235
-527 234
-527 233
-527 232
-526 232
-526 231
-526 230
-526 229
-526 228
-526 227
-526 226
-526 225
-526 224
-526 223
-526 222
-526 221
-526 220
-525 220
-525 219
-525 218
-525 217
-525 216
-525 215
-525 214
-525 213
-525 212
-524 212
-524 211
-524 210
-524 209
-524 208
-524 207
-524 206
-524 205
-523 205
-523 204
-523 203
-523 202
-523 201
-523 200
-523 199
-522 199
-522 198
-522 197
-522 196
-522 195
-522 194
-521 193
-521 192
-521 191
-521 190
-521 189
-521 188
-520 188
-520 187
-520 186
-520 185
-520 184
-519 183
-519 182
-519 181
-519 180
-519 179
-518 179
-518 178
-518 177
-518 176
-518 175
-517 175
-517 174
-517 173
-517 172
-517 171
-516 171
-516 170
-516 169
-516 168
-516 167
-515 167
-515 166
-515 165
-515 164
-515 163
-514 163
-514 162
-514 161
-514 160
-514 159
-513 159
-513 158
-513 157
-513 156
-512 156
-512 155
-512 154
-512 153
-512 152
-511 152
-511 151
-511 150
-511 149
-510 149
-510 148
-510 147
-510 146
-510 145
-509 145
-509 144
-509 143
-509 142
-508 142
-508 141
-508 140
-508 139
-507 139
-507 138
-507 137
-507 136
-506 136
-506 135
-506 134
-506 133
-505 133
-505 132
-505 131
-505 130
-504 130
-504 129
-504 128
-504 127
-503 127
-503 126
-503 125
-503 124
-502 124
-502 123
-502 122
-501 121
-501 120
-501 119
-500 119
-500 118
-500 117
-500 116
-499 116
-499 115
-499 114
-499 113
-498 113
-498 112
-498 111
-497 111
-497 110
-497 109
-497 108
-496 108
-496 107
-496 106
-495 106
-495 105
-495 104
-495 103
-494 103
-494 102
-494 101
-493 101
-493 100
-493 99
-493 98
-492 98
-492 97
-492 96
-491 96
-491 95
-491 94
-491 93
-490 93
-490 92
-490 91
-489 91
-489 90
-489 89
-488 88
-488 87
-488 86
-487 86
-487 85
-487 84
-486 84
-486 83
-486 82
-485 81
-485 80
-485 79
-484 79
-484 78
-484 77
-483 77
-483 76
-483 75
-482 75
-482 74
-482 73
-481 73
-481 72
-481 71
-481 70
-480 70
-480 69
-480 68
-479 68
-479 67
-479 66
-478 66
-478 65
-478 64
-477 64
-477 63
-477 62
-476 62
-476 61
-476 60
-475 60
-475 59
-475 58
-474 58
-474 57
-474 56
-473 55
-473 54
-473 53
-472 53
-472 52
-472 51
-471 51
-471 50
-471 49
-470 49
-470 48
-470 47
-469 47
-469 46
-469 45
-468 45
-468 44
-468 43
-467 43
-467 42
-467 41
-466 41
-466 40
-466 39
-465 39
-465 38
-465 37
-464 37
-464 36
-463 35
-463 34
-462 33
-462 32
-461 31
-461 30
-460 30
-460 29
-460 28
-459 28
-459 27
-459 26
-458 26
-458 25
-458 24
-457 24
-457 23
-457 22
-456 22
-456 21
-456 20
-455 20
-455 19
-454 18
-454 17
-453 17
-453 16
-453 15
-452 15
-452 14
-452 13
-451 13
-451 12
-451 11
-450 11
-450 10
-450 9
-449 9
-449 8
-448 8
-448 7
-448 6
-447 6
-447 5
-447 4
-446 4
-446 3
-446 2
-445 2
-445 1
-444 0
-443 0
-443 -1
-443 -2
-442 -2
-442 -3
-442 -4
-441 -4
-441 -5
-440 -6
-440 -7
-439 -7
-439 -8
-439 -9
-438 -9
-438 -10
-438 -11
-437 -11
-437 -12
-436 -12
-436 -13
-436 -14
-435 -14
-435 -15
-435 -16
-434 -16
-434 -17
-433 -17
-433 -18
-433 -19
-432 -19
-432 -20
-432 -21
-431 -21
-431 -22
-430 -22
-430 -23
-430 -24
-429 -24
-429 -25
-429 -26
-428 -26
-428 -27
-427 -27
-427 -28
-427 -29
-426 -29
-426 -30
-425 -31
-425 -32
-424 -32
-424 -33
-424 -34
-423 -34
-423 -35
-422 -35
-422 -36
-422 -37
-421 -37
-421 -38
-420 -39
-420 -40
-419 -40
-419 -41
-419 -42
-418 -42
-418 -43
-417 -43
-417 -44
-417 -45
-416 -45
-416 -46
-415 -47
-415 -48
-414 -48
-414 -49
-414 -50
-413 -50
-413 -51
-412 -51
-412 -52
-412 -53
-411 -53
-411 -54
-410 -54
-410 -55
-410 -56
-409 -56
-409 -57
-408 -57
-408 -58
-408 -59
-407 -59
-407 -60
-406 -60
-406 -61
-406 -62
-405 -62
-405 -63
-404 -64
-404 -65
-403 -65
-403 -66
-402 -66
-402 -67
-402 -68
-401 -68
-401 -69
-400 -69
-400 -70
-400 -71
-399 -71
-399 -72
-398 -73
-398 -74
-397 -74
-397 -75
-396 -75
-396 -76
-396 -77
-395 -77
-395 -78
-394 -78
-394 -79
-394 -80
-393 -80
-393 -81
-392 -81
-392 -82
-392 -83
-391 -83
-391 -84
-390 -84
-390 -85
-390 -86
-389 -86
-389 -87
-388 -87
-388 -88
-387 -89
-387 -90
-386 -90
-386 -91
-385 -91
-385 -92
-385 -93
-384 -93
-384 -94
-383 -94
-383 -95
-383 -96
-382 -96
-382 -97
-381 -97
-381 -98
-380 -99
-380 -100
-379 -100
-379 -101
-378 -101
-378 -102
-378 -103
-377 -103
-377 -104
-376 -104
-376 -105
-375 -106
-375 -107
-374 -107
-374 -108
-373 -108
-373 -109
-373 -110
-372 -110
-372 -111
-371 -111
-371 -112
-370 -113
-370 -114
-369 -114
-369 -115
-368 -115
-368 -116
-368 -117
-367 -117
-367 -118
-366 -118
-366 -119
-365 -119
-365 -120
-365 -121
-364 -121
-364 -122
-363 -122
-363 -123
-362 -124
-362 -125
-361 -125
-361 -126
-360 -126
-360 -127
-359 -128
-359 -129
-358 -129
-358 -130
-357 -130
-357 -131
-356 -132
-356 -133
-355 -133
-355 -134
-354 -134
-354 -135
-353 -136
-353 -137
-352 -137
-352 -138
-351 -138
-351 -139
-350 -139
-350 -140
-350 -141
-349 -141
-349 -142
-348 -142
-348 -143
-347 -143
-347 -144
-347 -145
-346 -145
-346 -146
-345 -146
-345 -147
-344 -147
-344 -148
-344 -149
-343 -149
-343 -150
-342 -150
-342 -151
-341 -151
-341 -152
-340 -153
-340 -154
-339 -154
-339 -155
-338 -155
-338 -156
-337 -156
-337 -157
-337 -158
-336 -158
-336 -159
-335 -159
-335 -160
-334 -160
-334 -161
-333 -162
-333 -163
-332 -163
-332 -164
-331 -164
-331 -165
-330 -165
-330 -166
-329 -167
-329 -168
-328 -168
-328 -169
-327 -169
-327 -170
-326 -170
-326 -171
-325 -172
-325 -173
-324 -173
-324 -174
-323 -174
-323 -175
-322 -175
-322 -176
-321 -177
-321 -178
-320 -178
-320 -179
-319 -179
-319 -180
-318 -180
-318 -181
-317 -182
-317 -183
-316 -183
-316 -184
-315 -184
-315 -185
-314 -185
-314 -186
-313 -187
-313 -188
-312 -188
-312 -189
-311 -189
-311 -190
-310 -190
-310 -191
-309 -191
-309 -192
-308 -193
-308 -194
-307 -194
-307 -195
-306 -195
-306 -196
-305 -196
-305 -197
-304 -197
-304 -198
-303 -199
-303 -200
-302 -200
-302 -201
-301 -201
-301 -202
-300 -202
-300 -203
-299 -203
-299 -204
-299 -205
-298 -205
-298 -206
-297 -206
-297 -207
-296 -207
-296 -208
-295 -208
-295 -209
-294 -209
-294 -210
-293 -211
-293 -212
-292 -212
-292 -213
-291 -213
-291 -214
-290 -214
-290 -215
-289 -215
-289 -216
-288 -217
-288 -218
-287 -218
-287 -219
-286 -219
-286 -220
-285 -220
-285 -221
-284 -221
-284 -222
-283 -222
-283 -223
-282 -224
-282 -225
-281 -225
-281 -226
-280 -226
-280 -227
-279 -227
-279 -228
-278 -228
-278 -229
-277 -229
-277 -230
-276 -231
-275 -232
-275 -233
-274 -233
-274 -234
-273 -234
-273 -235
-272 -235
-272 -236
-271 -236
-271 -237
-270 -237
-270 -238
-269 -238
-269 -239
-268 -240
-268 -241
-267 -241
-267 -242
-266 -242
-266 -243
-265 -243
-265 -244
-264 -244
-264 -245
-263 -245
-263 -246
-262 -246
-262 -247
-261 -248
-260 -249
-260 -250
-259 -250
-259 -251
-258 -251
-258 -252
-257 -252
-257 -253
-256 -253
-256 -254
-255 -254
-255 -255
-254 -255
-254 -256
-253 -256
-253 -257
-252 -258
-252 -259
-251 -259
-251 -260
-250 -260
-250 -261
-249 -261
-249 -262
-248 -262
-248 -263
-247 -263
-247 -264
-246 -264
-246 -265
-245 -265
-245 -266
-244 -267
-243 -268
-242 -269
-242 -270
-241 -270
-241 -271
-240 -271
-240 -272
-239 -272
-239 -273
-238 -273
-238 -274
-237 -274
-237 -275
-236 -275
-236 -276
-235 -276
-235 -277
-234 -277
-234 -278
-233 -278
-233 -279
-232 -280
-231 -281
-230 -282
-230 -283
-229 -283
-229 -284
-228 -284
-228 -285
-227 -285
-227 -286
-226 -286
-226 -287
-225 -287
-225 -288
-224 -288
-224 -289
-223 -289
-223 -290
-222 -290
-222 -291
-221 -291
-221 -292
-220 -292
-220 -293
-219 -293
-219 -294
-218 -295
-217 -296
-217 -297
-216 -297
-216 -298
-215 -298
-215 -299
-214 -299
-214 -300
-213 -300
-213 -301
-212 -301
-212 -302
-211 -302
-211 -303
-210 -303
-210 -304
-209 -304
-209 -305
-208 -305
-208 -306
-207 -306
-207 -307
-206 -307
-206 -308
-205 -308
-205 -309
-204 -309
-204 -310
-203 -310
-203 -311
-202 -311
-202 -312
-201 -312
-201 -313
-200 -313
-200 -314
-199 -314
-199 -315
-198 -316
-197 -316
-197 -317
-196 -318
-195 -319
-194 -320
-193 -321
-192 -322
-192 -323
-191 -323
-190 -324
-190 -325
-189 -325
-189 -326
-188 -326
-188 -327
-187 -327
-187 -328
-186 -328
-186 -329
-185 -329
-185 -330
-184 -330
-184 -331
-183 -331
-183 -332
-182 -332
-182 -333
-181 -333
-181 -334
-180 -334
-180 -335
-179 -335
-179 -336
-178 -336
-178 -337
-177 -337
-177 -338
-176 -338
-176 -339
-175 -339
-175 -340
-174 -340
-174 -341
-173 -341
-173 -342
-172 -342
-172 -343
-171 -343
-171 -344
-170 -344
-170 -345
-169 -345
-169 -346
-168 -346
-168 -347
-167 -347
-167 -348
-166 -348
-166 -349
-165 -349
-165 -350
-164 -350
-164 -351
-163 -351
-163 -352
-162 -352
-162 -353
-161 -353
-161 -354
-160 -354
-160 -355
-159 -355
-159 -356
-158 -356
-158 -357
-157 -357
-157 -358
-156 -358
-156 -359
-155 -359
-155 -360
-154 -360
-154 -361
-153 -361
-153 -362
-152 -362
-151 -363
-150 -364
-149 -365
-148 -366
-147 -367
-146 -367
-146 -368
-145 -369
-144 -369
-144 -370
-143 -370
-143 -371
-142 -371
-142 -372
-141 -372
-141 -373
-140 -373
-140 -374
-139 -374
-139 -375
-138 -375
-138 -376
-137 -376
-137 -377
-136 -377
-136 -378
-135 -378
-135 -379
-134 -379
-134 -380
-133 -380
-133 -381
-132 -381
-132 -382
-131 -382
-131 -383
-130 -383
-130 -384
-129 -384
-129 -385
-128 -385
-128 -386
-127 -386
-127 -387
-126 -387
-126 -388
-125 -388
-124 -389
-123 -390
-122 -390
-122 -391
-121 -392
-120 -392
-120 -393
-119 -393
-119 -394
-118 -394
-118 -395
-117 -395
-117 -396
-116 -396
-116 -397
-115 -397
-115 -398
-114 -398
-114 -399
-113 -399
-113 -400
-112 -400
-112 -401
-111 -401
-111 -402
-110 -402
-110 -403
-109 -403
-108 -404
-107 -404
-107 -405
-106 -406
-105 -406
-105 -407
-104 -407
-104 -408
-103 -408
-103 -409
-102 -409
-102 -410
-101 -410
-101 -411
-100 -411
-100 -412
-99 -412
-99 -413
-98 -413
-98 -414
-97 -414
-97 -415
-96 -415
-95 -416
-94 -417
-93 -417
-93 -418
-92 -418
-92 -419
-91 -419
-91 -420
-90 -420
-90 -421
-89 -421
-89 -422
-88 -422
-88 -423
-87 -423
-87 -424
-86 -424
-86 -425
-85 -425
-85 -426
-84 -426
-83 -427
-82 -428
-81 -428
-81 -429
-80 -429
-80 -430
-79 -430
-79 -431
-78 -431
-78 -432
-77 -432
-77 -433
-76 -433
-76 -434
-75 -434
-75 -435
-74 -435
-73 -436
-72 -436
-72 -437
-71 -437
-71 -438
-70 -438
-70 -439
-69 -439
-69 -440
-68 -440
-68 -441
-67 -441
-67 -442
-66 -442
-66 -443
-65 -443
-64 -444
-63 -445
-62 -445
-62 -446
-61 -446
-61 -447
-60 -447
-60 -448
-59 -448
-59 -449
-58 -449
-58 -450
-57 -450
-57 -451
-56 -451
-56 -452
-55 -452
-54 -452
-54 -453
-53 -453
-53 -454
-52 -454
-52 -455
-51 -455
-51 -456
-50 -456
-50 -457
-49 -457
-49 -458
-48 -458
-47 -459
-46 -460
-45 -460
-45 -461
-44 -461
-44 -462
-43 -462
-43 -463
-42 -463
-42 -464
-41 -464
-41 -465
-40 -465
-39 -466
-38 -467
-37 -467
-37 -468
-36 -468
-36 -469
-35 -469
-35 -470
-34 -470
-34 -471
-33 -471
-33 -472
-32 -472
-31 -473
-30 -473
-30 -474
-29 -474
-29 -475
-28 -475
-28 -476
-27 -476
-27 -477
-26 -477
-26 -478
-25 -478
-24 -478
-24 -479
-23 -479
-23 -480
-22 -480
-22 -481
-21 -481
-21 -482
-20 -482
-20 -483
-19 -483
-18 -484
-17 -484
-17 -485
-16 -485
-16 -486
-15 -486
-15 -487
-14 -487
-14 -488
-13 -488
-13 -489
-12 -489
-11 -490
-10 -490
-10 -491
-9 -491
-9 -492
-8 -492
-8 -493
-7 -493
-7 -494
-6 -494
-5 -495
-4 -495
-4 -496
-3 -496
-3 -497
-2 -497
-2 -498
-1 -498
-1 -499
0 -499
0 -500
1 -500
1 -501
2 -501
2 -502
3 -502
3 -503
4 -503
4 -504
5 -504
6 -505
7 -505
7 -506
8 -506
8 -507
9 -507
9 -508
10 -508
11 -509
12 -509
12 -510
13 -510
13 -511
14 -511
14 -512
15 -512
16 -513
17 -513
17 -514
18 -514
18 -515
19 -515
19 -516
20 -516
21 -517
22 -517
22 -518
23 -518
23 -519
24 -519
25 -520
26 -520
26 -521
27 -521
27 -522
28 -522
28 -523
29 -523
30 -523
30 -524
31 -524
31 -525
32 -525
32 -526
33 -526
34 -527
35 -527
35 -528
36 -528
36 -529
37 -529
38 -529
38 -530
39 -530
39 -531
40 -531
40 -532
41 -532
42 -532
42 -533
43 -533
43 -534
44 -534
45 -535
46 -535
46 -536
47 -536
47 -537
48 -537
49 -537
49 -538
50 -538
50 -539
51 -539
52 -540
53 -540
53 -541
54 -541
54 -542
55 -542
56 -542
56 -543
57 -543
57 -544
58 -544
59 -544
59 -545
60 -545
60 -546
61 -546
62 -546
62 -547
63 -547
63 -548
64 -548
65 -548
65 -549
66 -549
66 -550
67 -550
68 -550
68 -551
69 -551
69 -552
70 -552
71 -552
71 -553
72 -553
72 -554
73 -554
74 -555
75 -555
75 -556
76 -556
77 -556
77 -557
78 -557
78 -558
79 -558
80 -558
80 -559
81 -559
81 -560
82 -560
83 -560
83 -561
84 -561
85 -562
86 -562
86 -563
87 -563
88 -563
88 -564
89 -564
89 -565
90 -565
91 -565
91 -566
92 -566
93 -566
93 -567
94 -567
95 -568
96 -568
96 -569
97 -569
98 -569
98 -570
99 -570
100 -571
101 -571
101 -572
102 -572
103 -572
103 -573
104 -573
105 -573
105 -574
106 -574
106 -575
107 -575
108 -575
108 -576
109 -576
110 -576
110 -577
111 -577
112 -577
112 -578
113 -578
114 -579
115 -579
115 -580
116 -580
117 -580
117 -581
118 -581
119 -581
119 -582
120 -582
121 -582
121 -583
122 -583
123 -583
123 -584
124 -584
125 -584
125 -585
126 -585
127 -586
128 -586
128 -587
129 -587
130 -587
130 -588
131 -588
132 -588
132 -589
133 -589
134 -589
134 -590
135 -590
136 -590
136 -591
137 -591
138 -591
138 -592
139 -592
140 -592
140 -593
141 -593
142 -593
143 -594
144 -594
145 -595
146 -595
147 -595
147 -596
148 -596
149 -596
149 -597
150 -597
151 -597
151 -598
152 -598
153 -598
153 -599
154 -599
155 -599
155 -600
156 -600
157 -600
158 -601
159 -601
160 -601
160 -602
161 -602
162 -602
162 -603
163 -603
164 -603
164 -604
165 -604
166 -604
167 -604
167 -605
168 -605
169 -605
169 -606
170 -606
171 -606
172 -607
173 -607
174 -607
174 -608
175 -608
176 -608
177 -609
178 -609
179 -609
179 -610
180 -610
181 -610
182 -610
182 -611
183 -611
184 -611
184 -612
185 -612
186 -612
187 -612
187 -613
188 -613
189 -613
190 -614
191 -614
192 -614
192 -615
193 -615
194 -615
195 -615
195 -616
196 -616
197 -616
198 -616
198 -617
199 -617
200 -617
201 -617
201 -618
202 -618
203 -618
204 -618
204 -619
205 -619
206 -619
207 -619
207 -620
208 -620
209 -620
210 -620
210 -621
211 -621
212 -621
213 -621
213 -622
214 -622
215 -622
216 -622
217 -622
217 -623
218 -623
219 -623
220 -623
220 -624
221 -624
222 -624
223 -624
224 -625
225 -625
226 -625
227 -625
227 -626
228 -626
229 -626
230 -626
231 -626
231 -627
232 -627
233 -627
234 -627
235 -627
235 -628
236 -628
237 -628
238 -628
239 -628
239 -629
240 -629
241 -629
242 -629
243 -629
243 -630
244 -630
245 -630
246 -630
247 -630
248 -631
249 -631
250 -631
251 -631
252 -631
252 -632
253 -632
254 -632
255 -632
256 -632
257 -632
257 -633
258 -633
259 -633
260 -633
261 -633
262 -633
263 -634
264 -634
265 -634
266 -634
267 -634
268 -634
268 -635
269 -635
270 -635
271 -635
272 -635
273 -635
274 -635
275 -636
276 -636
277 -636
278 -636
279 -636
280 -636
281 -636
282 -637
283 -637
284 -637
285 -637
286 -637
287 -637
288 -637
289 -637
290 -637
290 -638
291 -638
292 -638
293 -638
294 -638
295 -638
296 -638
297 -638
298 -638
299 -638
300 -638
300 -639
301 -639
302 -639
303 -639
304 -639
305 -639
306 -639
307 -639
308 -639
309 -639
310 -639
311 -639
312 -639
313 -639
314 -639
315 -639
315 -640
316 -640
317 -640
318 -640
319 -640
320 -640
321 -640
322 -640
323 -640
324 -640
325 -640
326 -640
327 -640
328 -640
329 -640
330 -640
331 -640
332 -640
333 -640
334 -640
335 -640
336 -640
337 -640
338 -640
339 -640
340 -640
341 -640
342 -640
343 -640
344 -640
345 -640
346 -640
347 -640
348 -640
349 -640
350 -639
351 -639
352 -639
353 -639
354 -639
355 -639
356 -639
357 -639
358 -639
359 -639
360 -639
361 -639
362 -639
363 -639
364 -639
364 -638
365 -638
366 -638
367 -638
368 -638
369 -638
370 -638
371 -638
372 -638
373 -638
374 -638
374 -637
375 -637
376 -637
377 -637
378 -637
379 -637
380 -637
381 -637
382 -637
382 -636
383 -636
384 -636
385 -636
386 -636
387 -636
388 -636
389 -636
389 -635
390 -635
391 -635
392 -635
393 -635
394 -635
395 -635
395 -634
396 -634
397 -634
398 -634
399 -634
400 -634
401 -633
402 -633
403 -633
404 -633
405 -633
406 -633
406 -632
407 -632
408 -632
409 -632
410 -632
410 -631
411 -631
412 -631
413 -631
414 -631
415 -631
415 -630
416 -630
417 -630
418 -630
419 -630
419 -629
420 -629
421 -629
422 -629
423 -629
423 -628
424 -628
425 -628
426 -628
427 -628
427 -627
428 -627
429 -627
430 -627
430 -626
431 -626
432 -626
433 -626
434 -626
434 -625
435 -625
436 -625
437 -625
437 -624
438 -624
439 -624
440 -624
441 -624
441 -623
442 -623
443 -623
444 -623
444 -622
445 -622
446 -622
447 -622
447 -621
448 -621
449 -621
450 -621
450 -620
451 -620
452 -620
453 -620
453 -619
454 -619
455 -619
456 -619
456 -618
457 -618
458 -618
458 -617
459 -617
460 -617
461 -617
461 -616
462 -616
463 -616
464 -616
464 -615
465 -615
466 -615
466 -614
467 -614
468 -614
469 -614
469 -613
470 -613
471 -613
471 -612
472 -612
473 -612
474 -612
474 -611
475 -611
476 -611
476 -610
477 -610
478 -610
479 -609
480 -609
481 -609
481 -608
482 -608
483 -608
483 -607
484 -607
485 -607
485 -606
486 -606
487 -606
488 -605
489 -605
490 -605
490 -604
491 -604
492 -604
492 -603
493 -603
494 -603
494 -602
495 -602
496 -602
496 -601
497 -601
498 -601
498 -600
499 -600
500 -600
500 -599
501 -599
502 -599
502 -598
503 -598
504 -598
504 -597
505 -597
506 -597
506 -596
507 -596
508 -596
508 -595
509 -595
510 -594
511 -594
512 -593
513 -593
513 -592
514 -592
515 -592
515 -591
516 -591
517 -591
517 -590
518 -590
519 -590
519 -589
520 -589
520 -588
521 -588
522 -588
522 -587
523 -587
524 -587
524 -586
525 -586
526 -585
527 -585
527 -584
528 -584
529 -584
529 -583
530 -583
531 -582
532 -582
532 -581
533 -581
534 -581
534 -580
535 -580
535 -579
536 -579
537 -579
537 -578
538 -578
538 -577
539 -577
540 -577
540 -576
541 -576
541 -575
542 -575
543 -575
543 -574
544 -574
544 -573
545 -573
546 -573
546 -572
547 -572
547 -571
548 -571
549 -571
549 -570
550 -570
550 -569
551 -569
552 -569
552 -568
553 -568
553 -567
554 -567
555 -567
555 -566
556 -566
556 -565
557 -565
557 -564
558 -564
559 -564
559 -563
560 -563
560 -562
561 -562
561 -561
562 -561
563 -561
563 -560
564 -560
564 -559
565 -559
565 -558
566 -558
567 -558
567 -557
568 -557
568 -556
569 -556
569 -555
570 -555
571 -555
571 -554
572 -554
572 -553
573 -553
573 -552
574 -552
574 -551
575 -551
576 -551
576 -550
577 -550
577 -549
578 -549
578 -548
579 -548
579 -547
580 -547
581 -547
581 -546
582 -546
582 -545
583 -545
583 -544
584 -544
584 -543
585 -543
585 -542
586 -542
587 -541
588 -541
588 -540
589 -540
589 -539
590 -539
590 -538
591 -538
591 -537
592 -537
592 -536
593 -536
593 -535
594 -535
595 -534
596 -534
596 -533
597 -533
597 -532
598 -532
598 -531
599 -531
599 -530
600 -530
600 -529
601 -529
601 -528
602 -528
602 -527
603 -527
603 -526
604 -526
604 -525
605 -525
605 -524
606 -524
606 -523
607 -523
607 -522
608 -522
609 -521
610 -520
611 -519
612 -519
612 -518
613 -517
614 -517
614 -516
615 -515
616 -515
616 -514
617 -513
618 -513
618 -512
619 -511
619 -510
620 -510
621 -509
621 -508
622 -508
622 -507
623 -507
623 -506
624 -506
624 -505
625 -505
625 -504
626 -504
626 -503
627 -503
627 -502
628 -502
628 -501
629 -501
629 -500
630 -500
630 -499
631 -499
631 -498
632 -498
632 -497
633 -497
633 -496
634 -495
634 -494
635 -494
635 -493
636 -493
636 -492
637 -492
637 -491
638 -491
638 -490
639 -490
639 -489
640 -489
640 -488
640 -487
641 -487
641 -486
642 -486
642 -485
643 -485
643 -484
644 -484
644 -483
645 -483
645 -482
646 -481
646 -480
647 -480
647 -479
648 -479
648 -478
649 -478
649 -477
650 -477
650 -476
650 -475
651 -475
651 -474
652 -474
652 -473
653 -473
653 -472
654 -472
654 -471
654 -470
655 -470
655 -469
656 -469
656 -468
657 -468
657 -467
658 -467
658 -466
658 -465
659 -465
659 -464
660 -464
660 -463
661 -463
661 -462
661 -461
662 -461
662 -460
663 -460
663 -459
664 -459
664 -458
664 -457
665 -457
665 -456
666 -456
666 -455
667 -454
667 -453
668 -453
668 -452
669 -452
669 -451
669 -450
670 -450
670 -449
671 -449
671 -448
672 -447
672 -446
673 -446
673 -445
674 -445
674 -444
674 -443
675 -443
675 -442
676 -442
676 -441
676 -440
677 -440
677 -439
678 -439
678 -438
678 -437
679 -437
679 -436
680 -436
680 -435
680 -434
681 -434
681 -433
682 -433
682 -432
682 -431
683 -431
683 -430
684 -430
684 -429
684 -428
685 -428
685 -427
686 -427
686 -426
686 -425
687 -425
687 -424
688 -423
688 -422
689 -422
689 -421
689 -420
690 -420
690 -419
691 -419
691 -418
691 -417
692 -417
692 -416
692 -415
693 -415
693 -414
694 -414
694 -413
694 -412
695 -412
695 -411
695 -410
696 -410
696 -409
697 -409
697 -408
697 -407
698 -407
698 -406
698 -405
699 -405
699 -404
699 -403
700 -403
700 -402
701 -402
701 -401
701 -400
702 -400
702 -399
702 -398
703 -398
703 -397
703 -396
704 -396
704 -395
704 -394
705 -394
705 -393
706 -392
706 -391
707 -391
707 -390
707 -389
708 -389
708 -388
708 -387
709 -387
709 -386
709 -385
710 -385
710 -384
710 -383
711 -383
711 -382
711 -381
712 -381
712 -380
712 -379
713 -379
713 -378
713 -377
714 -377
714 -376
714 -375
715 -375
715 -374
715 -373
716 -373
716 -372
716 -371
717 -371
717 -370
717 -369
718 -369
718 -368
718 -367
719 -367
719 -366
719 -365
720 -364
720 -363
721 -362
721 -361
721 -360
722 -360
722 -359
722 -358
723 -358
723 -357
723 -356
724 -356
724 -355
724 -354
724 -353
725 -353
725 -352
725 -351
726 -351
726 -350
726 -349
727 -349
727 -348
727 -347
727 -346
728 -346
728 -345
728 -344
729 -344
729 -343
729 -342
730 -342
730 -341
730 -340
730 -339
731 -339
731 -338
731 -337
732 -336
732 -335
732 -334
733 -334
733 -333
733 -332
733 -331
734 -331
734 -330
734 -329
735 -329
735 -328
735 -327
735 -326
736 -326
736 -325
736 -324
736 -323
737 -323
737 -322
737 -321
737 -320
738 -320
738 -319
738 -318
739 -317
739 -316
739 -315
740 -315
740 -314
740 -313
740 -312
741 -312
741 -311
741 -310
741 -309
742 -308
742 -307
742 -306
743 -305
743 -304
743 -303
743 -302
744 -302
744 -301
744 -300
744 -299
745 -299
745 -298
745 -297
745 -296
746 -295
746 -294
746 -293
746 -292
747 -292
747 -291
747 -290
747 -289
747 -288
748 -288
748 -287
748 -286
748 -285
749 -285
749 -284
749 -283
749 -282
749 -281
750 -281
750 -280
750 -279
750 -278
750 -277
751 -277
751 -276
751 -275
751 -274
751 -273
751 -272
752 -272
752 -271
752 -270
752 -269
752 -268
753 -268
753 -267
753 -266
753 -265
753 -264
753 -263
754 -263
754 -262
754 -261
754 -260
754 -259
754 -258
755 -258
755 -257
755 -256
755 -255
755 -254
755 -253
756 -252
756 -251
756 -250
756 -249
756 -248
756 -247
757 -246
757 -245
757 -244
757 -243
757 -242
757 -241
757 -240
758 -240
758 -239
758 -238
758 -237
758 -236
758 -235
758 -234
758 -233
758 -232
759 -232
759 -231
759 -230
759 -229
759 -228
759 -227
759 -226
759 -225
759 -224
759 -223
759 -222
760 -222
760 -221
760 -220
760 -219
760 -218
760 -217
760 -216
760 -215
760 -214
760 -213
760 -212
760 -211
760 -210
760 -209
760 -208
760 -207
760 -206
760 -205
760 -204
760 -203
760 -202
760 -201
760 -200
761 -200
761 -199
761 -198
761 -197
761 -196
761 -195
760 -195
760 -194
760 -193
760 -192
760 -191
760 -190
760 -189
760 -188
760 -187
760 -186
760 -185
760 -184
760 -183
760 -182
760 -181
760 -180
760 -179
760 -178
760 -177
760 -176
760 -175
759 -175
759 -174
759 -173
759 -172
759 -171
759 -170
759 -169
759 -168
759 -167
759 -166
758 -166
758 -165
758 -164
758 -163
758 -162
758 -161
758 -160
758 -159
757 -159
757 -158
757 -157
757 -156
757 -155
757 -154
756 -154
756 -153
756 -152
756 -151
756 -150
756 -149
755 -149
755 -148
755 -147
755 -146
755 -145
754 -145
754 -144
754 -143
754 -142
754 -141
753 -141
753 -140
753 -139
753 -138
752 -137
752 -136
752 -135
752 -134
751 -134
751 -133
751 -132
751 -131
750 -131
750 -130
750 -129
750 -128
749 -128
749 -127
749 -126
748 -126
748 -125
748 -124
748 -123
747 -123
747 -122
747 -121
746 -121
746 -120
746 -119
746 -118
745 -118
745 -117
745 -116
744 -116
744 -115
744 -114
743 -114
743 -113
743 -112
742 -112
742 -111
742 -110
741 -110
741 -109
741 -108
740 -108
740 -107
739 -106
739 -105
738 -105
738 -104
738 -103
737 -103
737 -102
736 -102
736 -101
736 -100
735 -100
735 -99
734 -99
734 -98
734 -97
733 -97
733 -96
732 -96
732 -95
732 -94
731 -94
731 -93
730 -93
730 -92
729 -92
729 -91
729 -90
728 -90
728 -89
727 -89
727 -88
726 -88
726 -87
725 -87
725 -86
724 -86
724 -85
723 -85
723 -84
722 -84
722 -83
721 -83
721 -82
720 -82
720 -81
719 -81
719 -80
718 -80
718 -79
717 -79
717 -78
716 -78
716 -77
715 -77
715 -76
714 -76
714 -75
713 -75
713 -74
712 -74
711 -74
711 -73
710 -73
710 -72
709 -72
709 -71
708 -71
707 -71
707 -70
706 -70
706 -69
705 -69
704 -68
703 -68
703 -67
702 -67
701 -67
701 -66
700 -66
700 -65
699 -65
698 -65
698 -64
697 -64
696 -64
696 -63
695 -63
694 -63
694 -62
693 -62
692 -62
692 -61
691 -61
690 -61
690 -60
689 -60
688 -60
688 -59
687 -59
686 -59
686 -58
685 -58
684 -58
683 -58
683 -57
682 -57
681 -57
681 -56
680 -56
679 -56
678 -56
678 -55
677 -55
676 -55
675 -55
675 -54
674 -54
673 -54
672 -54
672 -53
671 -53
670 -53
669 -53
668 -53
668 -52
667 -52
666 -52
665 -52
664 -52
664 -51
663 -51
662 -51
661 -51
660 -51
659 -51
659 -50
658 -50
657 -50
656 -50
655 -50
654 -50
653 -50
653 -49
652 -49
651 -49
650 -49
649 -49
648 -49
647 -49
646 -49
645 -49
645 -48
644 -48
643 -48
642 -48
641 -48
640 -48
639 -48
638 -48
637 -48
636 -48
635 -48
634 -48
633 -48
632 -48
631 -48
630 -48
629 -48
628 -48
627 -48
626 -48
625 -48
624 -48
623 -48
622 -48
621 -48
620 -48
619 -48
618 -48
617 -48
616 -48
615 -48
614 -48
613 -48
612 -48
611 -48
610 -48
609 -48
609 -49
608 -49
607 -49
606 -49
605 -49
604 -49
603 -49
602 -49
601 -49
600 -49
600 -50
599 -50
598 -50
597 -50
596 -50
595 -50
594 -50
593 -50
592 -50
591 -50
591 -51
590 -51
589 -51
588 -51
587 -51
586 -51
585 -51
584 -51
583 -51
583 -52
582 -52
581 -52
580 -52
579 -52
578 -52
577 -52
576 -52
575 -52
574 -52
574 -53
573 -53
572 -53
571 -53
570 -53
569 -53
568 -53
567 -53
566 -53
565 -53
565 -54
564 -54
563 -54
562 -54
561 -54
560 -54
559 -54
558 -54
557 -54
556 -54
556 -55
555 -55
554 -55
553 -55
552 -55
551 -55
550 -55
549 -55
548 -55
547 -55
546 -55
546 -56
545 -56
544 -56
543 -56
542 -56
541 -56
540 -56
539 -56
538 -56
537 -56
536 -56
536 -57
535 -57
534 -57
533 -57
532 -57
531 -57
530 -57
529 -57
528 -57
527 -57
526 -57
525 -57
525 -58
524 -58
523 -58
522 -58
521 -58
520 -58
519 -58
518 -58
517 -58
516 -58
515 -58
514 -58
513 -58
513 -59
512 -59
511 -59
510 -59
509 -59
508 -59
507 -59
506 -59
505 -59
504 -59
503 -59
502 -59
501 -59
500 -59
500 -60
499 -60
498 -60
497 -60
496 -60
495 -60
494 -60
493 -60
492 -60
491 -60
490 -60
489 -60
488 -60
487 -60
486 -60
486 -61
485 -61
484 -61
483 -61
482 -61
481 -61
480 -61
479 -61
478 -61
477 -61
476 -61
475 -61
474 -61
473 -61
472 -61
471 -61
470 -61
469 -61
469 -62
468 -62
467 -62
466 -62
465 -62
464 -62
463 -62
462 -62
461 -62
460 -62
459 -62
458 -62
457 -62
456 -62
455 -62
454 -62
453 -62
452 -62
451 -62
450 -62
449 -62
448 -62
448 -63
447 -63
446 -63
445 -63
444 -63
443 -63
442 -63
441 -63
440 -63
439 -63
438 -63
437 -63
436 -63
435 -63
434 -63
433 -63
432 -63
431 -63
430 -63
429 -63
428 -63
427 -63
426 -63
425 -63
424 -63
423 -63
422 -63
421 -63
420 -63
419 -63
418 -63
417 -63
416 -63
415 -63
414 -63
413 -63
412 -63
411 -63
410 -63
409 -63
408 -63
407 -63
406 -63
405 -63
404 -63
403 -63
402 -63
401 -63
400 -63
399 -63
398 -63
397 -63
396 -63
395 -63
394 -63
393 -63
392 -63
391 -63
390 -63
389 -63
388 -63
387 -63
386 -63
385 -63
384 -63
383 -63
382 -63
381 -63
380 -63
379 -63
378 -63
377 -63
376 -63
375 -63
374 -63
373 -63
372 -63
371 -63
370 -63
369 -63
368 -63
367 -63
366 -63
365 -63
364 -63
363 -63
362 -63
361 -63
360 -63
359 -63
358 -63
357 -63
356 -63
355 -63
355 -62
354 -62
353 -62
352 -62
351 -62
350 -62
349 -62
348 -62
347 -62
346 -62
345 -62
344 -62
343 -62
342 -62
341 -62
340 -62
339 -62
338 -62
337 -62
337 -61
336 -61
335 -61
334 -61
333 -61
332 -61
331 -61
330 -61
329 -61
328 -61
327 -61
326 -61
325 -61
324 -61
324 -60
323 -60
322 -60
321 -60
320 -60
319 -60
318 -60
317 -60
316 -60
315 -60
314 -60
314 -59
313 -59
312 -59
311 -59
310 -59
309 -59
308 -59
307 -59
306 -59
305 -59
305 -58
304 -58
303 -58
302 -58
301 -58
300 -58
299 -58
298 -58
297 -58
297 -57
296 -57
295 -57
294 -57
293 -57
292 -57
291 -57
290 -57
289 -56
288 -56
287 -56
286 -56
285 -56
284 -56
283 -56
283 -55
282 -55
281 -55
280 -55
279 -55
278 -55
277 -55
277 -54
276 -54
275 -54
274 -54
273 -54
272 -54
272 -53
271 -53
270 -53
269 -53
268 -53
267 -53
266 -53
266 -52
265 -52
264 -52
263 -52
262 -52
262 -51
261 -51
260 -51
259 -51
258 -51
257 -51
257 -50
256 -50
255 -50
254 -50
253 -50
253 -49
252 -49
251 -49
250 -49
249 -49
249 -48
248 -48
247 -48
246 -48
245 -48
245 -47
244 -47
243 -47
242 -47
241 -47
241 -46
240 -46
239 -46
238 -46
238 -45
237 -45
236 -45
235 -45
235 -44
234 -44
233 -44
232 -44
231 -43
230 -43
229 -43
229 -42
228 -42
227 -42
226 -42
226 -41
225 -41
224 -41
223 -41
223 -40
222 -40
221 -40
220 -40
220 -39
219 -39
218 -39
218 -38
217 -38
216 -38
216 -37
215 -37
214 -37
213 -37
213 -36
212 -36
211 -36
211 -35
210 -35
209 -35
209 -34
208 -34
207 -34
207 -33
206 -33
205 -33
205 -32
204 -32
203 -31
202 -31
202 -30
201 -30
200 -30
200 -29
199 -29
199 -28
198 -28
197 -28
197 -27
196 -27
196 -26
195 -26
194 -26
194 -25
193 -25
193 -24
192 -24
192 -23
191 -23
191 -22
190 -22
190 -21
189 -21
189 -20
188 -20
188 -19
187 -19
187 -18
186 -18
186 -17
186 -16
185 -16
185 -15
185 -14
184 -14
184 -13
184 -12
184 -11
184 -10
184 -9
184 -8
184 -7
184 -6
185 -6
185 -5
185 -4
186 -4
186 -3
187 -3
187 -2
188 -2
189 -2
189 -1
190 -1
191 -1
192 -1
192 0
193 0
194 0
195 0
196 0
197 0
198 0
199 0
200 100
201 100
202 100
203 100
204 100
205 100
206 100
207 100
208 100
209 100
210 100
211 100
211 101
212 101
213 101
214 101
215 101
215 102
216 102
217 102
218 102
219 102
219 103
220 103
221 103
221 104
222 104
223 104
223 105
224 105
225 105
225 106
226 106
227 106
227 107
228 107
229 107
229 108
230 108
230 109
231 109
232 109
232 110
233 110
233 111
234 111
234 112
235 112
235 113
236 113
236 114
237 114
237 115
238 115
238 116
239 116
239 117
240 117
240 118
241 118
241 119
242 119
242 120
243 120
243 121
244 121
244 122
245 122
245 123
245 124
246 124
246 125
247 125
247 126
248 126
248 127
248 128
249 128
249 129
250 129
250 130
251 130
251 131
251 132
252 132
252 133
253 133
253 134
253 135
254 135
254 136
255 136
255 137
255 138
256 138
256 139
257 139
257 140
258 140
258 141
258 142
259 142
259 143
260 143
260 144
261 144
261 145
261 146
262 146
262 147
263 147
263 148
264 148
264 149
264 150
265 150
265 151
266 151
266 152
267 152
267 153
268 153
268 154
269 154
269 155
270 155
270 156
271 156
271 157
272 157
272 158
273 158
273 159
274 159
274 160
275 160
275 161
276 161
276 162
277 162
278 162
278 163
279 163
279 164
280 164
281 164
281 165
282 165
282 166
283 166
284 166
284 167
285 167
286 167
286 168
287 168
288 169
289 169
290 169
290 170
291 170
292 170
292 171
293 171
294 171
295 171
295 172
296 172
297 172
298 172
298 173
299 173
300 173
301 173
302 173
302 174
303 174
304 174
305 174
306 174
307 174
308 174
308 175
309 175
310 175
311 175
312 175
313 175
314 175
315 175
316 175
317 175
318 175
319 175
320 175
321 175
322 175
323 175
324 175
325 175
326 175
327 175
328 175
329 175
330 175
331 175
332 175
333 175
333 174
334 174
335 174
336 174
337 174
338 174
339 174
340 174
341 174
341 173
342 173
343 173
344 173
345 173
346 173
346 172
347 172
348 172
349 172
350 172
351 172
351 171
352 171
353 171
354 171
355 171
356 171
356 170
357 170
358 170
359 170
360 170
360 169
361 169
362 169
363 169
364 169
364 168
365 168
366 168
367 168
367 167
368 167
369 167
370 167
371 167
371 166
372 166
373 166
374 166
374 165
375 165
376 165
377 165
377 164
378 164
379 164
380 164
380 163
381 163
382 163
383 163
383 162
384 162
385 162
386 162
386 161
387 161
388 161
389 161
389 160
390 160
391 160
392 160
392 159
393 159
394 159
394 158
395 158
396 158
397 158
397 157
398 157
399 157
400 157
400 156
401 156
402 156
402 155
403 155
404 155
405 155
405 154
406 154
407 154
407 153
408 153
409 153
410 153
410 152
411 152
412 152
412 151
413 151
414 151
414 150
415 150
416 150
417 150
417 149
418 149
419 149
419 148
420 148
421 148
421 147
422 147
423 147
424 147
424 146
425 146
426 146
426 145
427 145
428 145
428 144
429 144
430 144
430 143
431 143
432 143
433 143
433 142
434 142
435 142
435 141
436 141
437 141
437 140
438 140
439 140
439 139
440 139
441 139
441 138
442 138
443 138
443 137
444 137
445 137
445 136
446 136
447 136
447 135
448 135
449 135
450 134
451 134
452 134
452 133
453 133
454 133
454 132
455 132
456 132
456 131
457 131
458 131
458 130
459 130
460 130
460 129
461 129
462 129
462 128
463 128
464 128
464 127
465 127
466 127
466 126
467 126
468 125
469 125
470 124
471 124
471 123
472 123
473 123
473 122
474 122
475 122
475 121
476 121
477 121
477 120
478 120
479 120
479 119
480 119
481 119
481 118
482 118
483 118
483 117
484 117
485 117
485 116
486 116
487 116
487 115
488 115
489 115
489 114
490 114
490 113
491 113
492 113
492 112
493 112
494 112
494 111
495 111
496 111
496 110
497 110
498 110
498 109
499 109
500 109
500 108
501 108
501 107
502 107
503 107
503 106
504 106
505 106
505 105
506 105
507 105
507 104
508 104
509 104
509 103
510 103
510 102
511 102
512 102
512 101
513 101
514 101
514 100
515 100
516 100
516 99
517 99
518 98
519 98
519 97
520 97
521 97
521 96
522 96
523 96
523 95
524 95
525 95
525 94
526 94
526 93
527 93
528 93
528 92
529 92
530 92
530 91
531 91
532 90
533 90
533 89
534 89
535 89
535 88
536 88
537 88
537 87
538 87
538 86
539 86
540 86
540 85
541 85
542 85
542 84
543 84
544 83
545 83
545 82
546 82
547 82
547 81
548 81
549 81
549 80
550 80
550 79
551 79
552 79
552 78
553 78
554 78
554 77
555 77
555 76
556 76
557 76
557 75
558 75
559 75
559 74
560 74
560 73
561 73
562 73
562 72
563 72
564 72
564 71
565 71
565 70
566 70
567 70
567 69
568 69
569 69
569 68
570 68
570 67
571 67
572 67
572 66
573 66
574 65
575 65
575 64
576 64
577 64
577 63
578 63
578 62
579 62
580 62
580 61
581 61
582 61
582 60
583 60
583 59
584 59
585 59
585 58
586 58
587 58
587 57
588 57
588 56
589 56
590 56
590 55
591 55
592 54
593 54
593 53
594 53
595 53
595 52
596 52
596 51
597 51
598 51
598 50
599 50
600 50
600 49
601 49
601 48
602 48
603 48
603 47
604 47
604 46
605 46
606 46
606 45
607 45
608 44
609 44
609 43
610 43
611 43
611 42
612 42
612 41
613 41
614 41
614 40
615 40
616 40
616 39
617 39
617 38
618 38
619 38
619 37
620 37
621 37
621 36
622 36
622 35
623 35
624 35
624 34
625 34
626 34
626 33
627 33
627 32
628 32
629 32
629 31
630 31
631 31
631 30
632 30
632 29
633 29
634 29
634 28
635 28
636 28
636 27
637 27
637 26
638 26
639 26
639 25
640 25
641 25
641 24
642 24
643 24
643 23
644 23
644 22
645 22
646 22
646 21
647 21
648 21
648 20
649 20
649 19
650 19
651 19
651 18
652 18
653 18
653 17
654 17
655 17
655 16
656 16
657 15
658 15
658 14
659 14
660 14
660 13
661 13
662 13
662 12
663 12
664 12
664 11
665 11
666 10
667 10
667 9
668 9
669 9
669 8
670 8
671 8
671 7
672 7
673 7
673 6
674 6
675 6
675 5
676 5
677 4
678 4
678 3
679 3
680 3
680 2
681 2
682 2
682 1
683 1
684 1
684 0
685 0
686 0
687 0
688 0
688 -1
689 -1
690 -1
690 -2
691 -2
692 -2
692 -3
693 -3
694 -3
694 -4
695 -4
696 -4
696 -5
697 -5
698 -5
698 -6
699 -6
700 -6
700 -7
701 -7
702 -7
702 -8
703 -8
704 -8
704 -9
705 -9
706 -9
706 -10
707 -10
708 -10
708 -11
709 -11
710 -11
710 -12
711 -12
712 -12
713 -13
714 -13
715 -13
715 -14
716 -14
717 -14
717 -15
718 -15
719 -15
719 -16
720 -16
721 -16
722 -17
723 -17
724 -17
724 -18
725 -18
726 -18
726 -19
727 -19
728 -19
729 -19
729 -20
730 -20
731 -20
731 -21
732 -21
733 -21
734 -21
734 -22
735 -22
736 -22
736 -23
737 -23
738 -23
739 -23
739 -24
740 -24
741 -24
742 -24
742 -25
743 -25
744 -25
745 -25
745 -26
746 -26
747 -26
748 -26
748 -27
749 -27
750 -27
751 -27
751 -28
752 -28
753 -28
754 -28
755 -28
755 -29
756 -29
757 -29
758 -29
759 -29
760 -29
760 -30
761 -30
762 -30
763 -30
764 -30
765 -30
766 -30
767 -30
768 -30
769 -30
770 -30
771 -30
772 -30
773 -30
774 -30
775 -30
775 -29
776 -29
776 -28
777 -28
777 -27
778 -27
778 -26
778 -25
779 -25
779 -24
779 -23
779 -22
778 -22
778 -21
778 -20
778 -19
777 -19
777 -18
777 -17
777 -16
776 -16
776 -15
775 -14
775 -13
774 -13
774 -12
774 -11
773 -11
773 -10
772 -10
772 -9
771 -9
771 -8
771 -7
770 -7
770 -6
769 -6
769 -5
768 -5
768 -4
767 -4
767 -3
767 -2
766 -2
766 -1
765 -1
765 0
764 0
763 0
763 1
762 1
762 2
761 2
761 3
760 3
760 4
759 4
759 5
758 5
758 6
757 6
757 7
756 7
756 8
755 8
755 9
754 9
754 10
753 10
753 11
752 11
752 12
751 12
751 13
750 13
749 13
749 14
748 14
748 15
747 15
747 16
746 16
746 17
745 17
745 18
744 18
744 19
743 19
742 20
741 20
741 21
740 21
740 22
739 22
739 23
738 23
738 24
737 24
737 25
736 25
735 25
735 26
734 26
734 27
733 27
733 28
732 28
732 29
731 29
730 29
730 30
729 30
729 31
728 31
728 32
727 32
726 32
726 33
725 33
725 34
724 34
724 35
723 35
722 36
721 36
721 37
720 37
720 38
719 38
718 39
717 39
717 40
716 40
716 41
715 41
714 41
714 42
713 42
713 43
712 43
712 44
711 44
710 44
710 45
709 45
709 46
708 46
707 46
707 47
706 47
706 48
705 48
705 49
704 49
703 49
703 50
702 50
702 51
701 51
700 51
700 52
699 52
699 53
698 53
697 53
697 54
696 54
696 55
695 55
694 55
694 56
693 56
693 57
692 57
691 58
690 58
690 59
689 59
688 60
687 60
687 61
686 61
685 61
685 62
684 62
684 63
683 63
682 63
682 64
681 64
681 65
680 65
679 65
679 66
678 66
678 67
677 67
676 67
676 68
675 68
675 69
674 69
673 69
673 70
672 70
671 71
670 71
670 72
669 72
668 72
668 73
667 73
667 74
666 74
665 74
665 75
664 75
663 76
662 76
662 77
661 77
660 77
660 78
659 78
659 79
658 79
657 79
657 80
656 80
655 80
655 81
654 81
654 82
653 82
652 82
652 83
651 83
650 83
650 84
649 84
649 85
648 85
647 85
647 86
646 86
645 86
645 87
644 87
644 88
643 88
642 88
642 89
641 89
640 89
640 90
639 90
638 90
638 91
637 91
637 92
636 92
635 92
635 93
634 93
633 93
633 94
632 94
631 94
631 95
630 95
630 96
629 96
628 96
628 97
627 97
626 97
626 98
625 98
624 98
624 99
623 99
623 100
622 100
621 100
621 101
620 101
619 101
619 102
618 102
617 102
617 103
616 103
615 103
615 104
614 104
614 105
613 105
612 105
612 106
611 106
610 106
610 107
609 107
608 107
608 108
607 108
606 108
606 109
605 109
604 109
604 110
603 110
602 111
601 111
601 112
600 112
599 112
599 113
598 113
597 113
597 114
596 114
595 114
595 115
594 115
593 115
593 116
592 116
591 116
591 117
590 117
589 117
589 118
588 118
587 118
587 119
586 119
585 119
585 120
584 120
583 121
582 121
581 121
581 122
580 122
579 123
578 123
578 124
577 124
576 124
576 125
575 125
574 125
574 126
573 126
572 126
572 127
571 127
570 127
570 128
569 128
568 128
568 129
567 129
566 129
566 130
565 130
564 130
564 131
563 131
562 131
561 132
560 132
559 133
558 133
557 134
556 134
555 134
555 135
554 135
553 135
553 136
552 136
551 136
551 137
550 137
549 137
549 138
548 138
547 138
547 139
546 139
545 139
545 140
544 140
543 140
543 141
542 141
541 141
541 142
540 142
539 142
539 143
538 143
537 143
537 144
536 144
535 144
534 145
533 145
532 145
532 146
531 146
530 146
530 147
529 147
528 147
528 148
527 148
526 148
526 149
525 149
524 149
524 150
523 150
522 150
521 151
520 151
519 151
519 152
518 152
517 152
517 153
516 153
515 153
515 154
514 154
513 154
513 155
512 155
511 155
510 155
510 156
509 156
508 156
508 157
507 157
506 157
506 158
505 158
504 158
504 159
503 159
502 159
501 159
501 160
500 160
499 160
499 161
498 161
497 161
497 162
496 162
495 162
494 163
493 163
492 163
492 164
491 164
490 164
490 165
489 165
488 165
488 166
487 166
486 166
485 166
485 167
484 167
483 167
483 168
482 168
481 168
480 169
479 169
478 169
478 170
477 170
476 170
476 171
475 171
474 171
473 171
473 172
472 172
471 172
471 173
470 173
469 173
468 174
467 174
466 174
466 175
465 175
464 175
464 176
463 176
462 176
461 176
461 177
460 177
459 177
459 178
458 178
457 178
456 178
456 179
455 179
454 179
454 180
453 180
452 180
451 180
451 181
450 181
449 181
449 182
448 182
447 182
446 182
446 183
445 183
444 183
444 184
443 184
442 184
441 184
441 185
440 185
439 185
439 186
438 186
437 186
436 186
436 187
435 187
434 187
433 188
432 188
431 188
431 189
430 189
429 189
428 189
428 190
427 190
426 190
426 191
425 191
424 191
423 191
423 192
422 192
421 192
420 193
419 193
418 193
418 194
417 194
416 194
415 194
415 195
414 195
413 195
413 196
412 196
411 196
410 196
410 197
409 197
408 197
407 197
407 198
406 198
405 198
404 198
404 199
403 199
402 199
402 200
401 200
400 200
399 200
399 201
398 201
397 201
396 201
396 202
395 202
394 202
393 203
392 203
391 203
391 204
390 204
389 204
388 204
388 205
387 205
386 205
385 205
385 206
384 206
383 206
382 206
382 207
381 207
380 207
379 207
379 208
378 208
377 208
377 209
376 209
375 209
374 209
374 210
373 210
372 210
371 210
371 211
370 211
369 211
368 211
368 212
367 212
366 212
365 212
365 213
364 213
363 213
362 213
362 214
361 214
360 214
359 214
359 215
358 215
357 215
356 215
356 216
355 216
354 216
353 216
353 217
352 217
351 217
350 217
350 218
349 218
348 218
347 218
347 219
346 219
345 219
344 219
344 220
343 220
342 220
341 220
341 221
340 221
339 221
338 221
338 222
337 222
336 222
335 222
335 223
334 223
333 223
332 223
332 224
331 224
330 224
329 224
329 225
328 225
327 225
326 225
325 226
324 226
323 226
322 227
321 227
320 227
319 227
319 228
318 228
317 228
316 228
316 229
315 229
314 229
313 229
313 230
312 230
311 230
310 230
309 231
308 231
307 231
306 231
306 232
305 232
304 232
303 232
303 233
302 233
301 233
300 233
300 234
299 234
298 234
297 234
296 235
295 235
294 235
293 235
293 236
292 236
291 236
290 236
290 237
289 237
288 237
287 237
286 237
286 238
285 238
284 238
283 238
283 239
282 239
281 239
280 239
279 240
278 240
277 240
276 240
276 241
275 241
274 241
273 241
272 242
271 242
270 242
269 242
269 243
268 243
267 243
266 243
265 244
264 244
263 244
262 244
262 245
261 245
260 245
259 245
258 245
258 246
257 246
256 246
255 246
255 247
254 247
253 247
252 247
251 247
251 248
250 248
249 248
248 248
247 248
247 249
246 249
245 249
244 249
244 250
243 250
242 250
241 250
240 250
240 251
239 251
238 251
237 251
236 251
236 252
235 252
234 252
233 252
232 253
231 253
230 253
229 253
229 254
228 254
227 254
226 254
225 254
225 255
224 255
223 255
222 255
221 255
221 256
220 256
219 256
218 256
217 256
217 257
216 257
215 257
214 257
213 257
213 258
212 258
211 258
210 258
209 258
209 259
208 259
207 259
206 259
205 259
205 260
204 260
203 260
202 260
201 260
201 261
200 261
199 261
198 261
197 261
197 262
196 262
195 262
194 262
193 262
193 263
192 263
191 263
190 263
189 263
189 264
188 264
187 264
186 264
185 264
184 265
183 265
182 265
181 265
180 265
180 266
179 266
178 266
177 266
176 266
176 267
175 267
174 267
173 267
172 267
172 268
171 268
170 268
169 268
168 268
167 268
167 269
166 269
165 269
164 269
163 269
163 270
162 270
161 270
160 270
159 270
158 271
157 271
156 271
155 271
154 271
154 272
153 272
152 272
151 272
150 272
149 273
148 273
147 273
146 273
145 273
145 274
144 274
143 274
142 274
141 274
140 274
140 275
139 275
138 275
137 275
136 275
135 275
135 276
134 276
133 276
132 276
131 276
130 277
129 277
128 277
127 277
126 277
126 278
125 278
124 278
123 278
122 278
121 278
121 279
120 279
119 279
118 279
117 279
116 279
116 280
115 280
114 280
113 280
112 280
111 280
111 281
110 281
109 281
108 281
107 281
106 281
106 282
105 282
104 282
103 282
102 282
101 282
101 283
100 283
99 283
98 283
97 283
96 283
96 284
95 284
94 284
93 284
92 284
91 284
90 284
90 285
89 285
88 285
87 285
86 285
85 285
85 286
84 286
83 286
82 286
81 286
80 286
79 287
78 287
77 287
76 287
75 287
74 287
74 288
73 288
72 288
71 288
70 288
69 288
68 288
68 289
67 289
66 289
65 289
64 289
63 289
63 290
62 290
61 290
60 290
59 290
58 290
57 290
57 291
56 291
55 291
54 291
53 291
52 291
51 291
51 292
50 292
49 292
48 292
47 292
46 292
45 292
45 293
44 293
43 293
42 293
41 293
40 293
39 293
39 294
38 294
37 294
36 294
35 294
34 294
33 294
33 295
32 295
31 295
30 295
29 295
28 295
27 295
26 295
26 296
25 296
24 296
23 296
22 296
21 296
20 296
20 297
19 297
18 297
17 297
16 297
15 297
14 297
13 297
13 298
12 298
11 298
10 298
9 298
8 298
7 298
6 299
5 299
4 299
3 299
2 299
1 299
0 299
0 300
-1 300
-2 300
-3 300
-4 300
-5 300
-6 300
-7 301
-8 301
-9 301
-10 301
-11 301
-12 301
-13 301
-14 301
-14 302
-15 302
-16 302
-17 302
-18 302
-19 302
-20 302
-21 302
-21 303
-22 303
-23 303
-24 303
-25 303
-26 303
-27 303
-28 303
-29 303
-29 304
-30 304
-31 304
-32 304
-33 304
-34 304
-35 304
-36 304
-36 305
-37 305
-38 305
-39 305
-40 305
-41 305
-42 305
-43 305
-44 305
-44 306
-45 306
-46 306
-47 306
-48 306
-49 306
-50 306
-51 306
-52 306
-52 307
-53 307
-54 307
-55 307
-56 307
-57 307
-58 307
-59 307
-60 307
-61 308
-62 308
-63 308
-64 308
-65 308
-66 308
-67 308
-68 308
-69 308
-69 309
-70 309
-71 309
-72 309
-73 309
-74 309
-75 309
-76 309
-77 309
-78 309
-78 310
-79 310
-80 310
-81 310
-82 310
-83 310
-84 310
-85 310
-86 310
-87 310
-87 311
-88 311
-89 311
-90 311
-91 311
-92 311
-93 311
-94 311
-95 311
-96 311
-97 311
-97 312
-98 312
-99 312
-100 312
-101 312
-102 312
-103 312
-104 312
-105 312
-106 312
-107 312
-107 313
-108 313
-109 313
-110 313
-111 313
-112 313
-113 313
-114 313
-115 313
-116 313
-117 313
-118 314
-119 314
-120 314
-121 314
-122 314
-123 314
-124 314
-125 314
-126 314
-127 314
-128 314
-129 314
-129 315
-130 315
-131 315
-132 315
-133 315
-134 315
-135 315
-136 315
-137 315
-138 315
-139 315
-140 315
-141 315
-142 315
-142 316
-143 316
-144 316
-145 316
-146 316
-147 316
-148 316
-149 316
-150 316
-151 316
-152 316
-153 316
-154 316
-155 316
-156 316
-156 317
-157 317
-158 317
-159 317
-160 317
-161 317
-162 317
-163 317
-164 317
-165 317
-166 317
-167 317
-168 317
-169 317
-170 317
-171 317
-172 317
-173 318
-174 318
-175 318
-176 318
-177 318
-178 318
-179 318
-180 318
-181 318
-182 318
-183 318
-184 318
-185 318
-186 318
-187 318
-188 318
-189 318
-190 318
-191 318
-192 318
-193 318
-194 318
-195 318
-195 319
-196 319
-197 319
-198 319
-199 319
-200 319
-201 319
-202 319
-203 319
-204 319
-205 319
-206 319
-207 319
-208 319
-209 319
-210 319
-211 319
-212 319
-213 319
-214 319
-215 319
-216 319
-217 319
-218 319
-219 319
-220 319
-221 319
-222 319
-223 319
-224 319
-225 319
-226 319
-227 319
-228 319
-229 319
-230 319
-231 319
-232 319
-233 319
-234 319
-235 319
-236 319
-237 319
-238 319
-239 319
-240 319
-241 319
-242 319
-243 319
-244 319
-245 319
-246 319
-247 319
-248 319
-249 319
-250 319
-251 319
-252 319
-253 319
-254 319
-255 319
-256 319
-257 319
-258 319
-259 319
-260 319
-261 318
-262 318
-263 318
-264 318
-265 318
-266 318
-267 318
-268 318
-269 318
-270 318
-271 318
-272 318
-273 318
-274 318
-275 318
-276 318
-277 318
-278 318
-279 317
-280 317
-281 317
-282 317
-283 317
-284 317
-285 317
-286 317
-287 317
-288 317
-289 317
-290 317
-291 317
-291 316
-292 316
-293 316
-294 316
-295 316
-296 316
-297 316
-298 316
-299 316
-300 316
-300 315
-301 315
-302 315
-303 315
-304 315
-305 315
-306 315
-307 315
-308 315
-308 314
-309 314
-310 314
-311 314
-312 314
-313 314
-314 314
-315 314
-315 313
-316 313
-317 313
-318 313
-319 313
-320 313
-321 313
-321 312
-322 312
-323 312
-324 312
-325 312
-326 312
-327 312
-327 311
-328 311
-329 311
-330 311
-331 311
-332 311
-332 310
-333 310
-334 310
-335 310
-336 310
-337 309
-338 309
-339 309
-340 309
-341 309
-341 308
-342 308
-343 308
-344 308
-345 308
-345 307
-346 307
-347 307
-348 307
-349 306
-350 306
-351 306
-352 306
-352 305
-353 305
-354 305
-355 305
-355 304
-356 304
-357 304
-358 304
-358 303
-359 303
-360 303
-361 303
-361 302
-362 302
-363 302
-364 302
-364 301
-365 301
-366 301
-367 301
-367 300
-368 300
-369 300
-369 299
-370 299
-371 299
-371 298
-372 298
-373 298
-374 298
-374 297
-375 297
-376 297
-376 296
-377 296
-378 296
-378 295
-379 295
-380 295
-380 294
-381 294
-382 294
-382 293
-383 293
-383 292
-384 292
-385 292
-385 291
-386 291
-387 291
-387 290
-388 290
-388 289
-389 289
-390 289
-390 288
-391 288
-391 287
-392 287
-393 287
-393 286
-394 286
-394 285
-395 285
-395 284
-396 284
-397 284
-397 283
-398 283
-398 282
-399 282
-399 281
-400 281
-400 280
-401 280
-401 279
-402 279
-402 278
-403 278
-403 277
-404 277
-404 276
-405 276
-405 275
-406 275
-406 274
-407 274
-407 273
-407 272
-408 272
-408 271
-409 271
-409 270
-409 269
-410 269
-410 268
-411 268
-411 267
-411 266
-412 266
-412 265
-413 264
-413 263
-414 263
-414 262
-414 261
-414 260
-415 260
-415 259
-415 258
-416 258
-416 257
-416 256
-416 255
-417 255
-417 254
-417 253
-417 252
-418 252
-418 251
-418 250
-418 249
-418 248
-418 247
-419 247
-419 246
-419 245
-419 244
-419 243
-419 242
-419 241
-419 240
-419 239
-419 238
-419 237
-419 236
-419 235
-419 234
-419 233
-419 232
-419 231
-419 230
-419 229
-419 228
-419 227
-419 226
-419 225
-419 224
-418 224
-418 223
-418 222
-418 221
-418 220
-418 219
-418 218
-417 218
-417 217
-417 216
-417 215
-417 214
-416 214
-416 213
-416 212
-416 211
-416 210
-415 210
-415 209
-415 208
-415 207
-414 207
-414 206
-414 205
-414 204
-413 204
-413 203
-413 202
-413 201
-412 201
-412 200
-412 199
-412 198
-411 198
-411 197
-411 196
-410 196
-410 195
-410 194
-410 193
-409 193
-409 192
-409 191
-408 191
-408 190
-408 189
-407 189
-407 188
-407 187
-406 187
-406 186
-406 185
-406 184
-405 184
-405 183
-405 182
-404 182
-404 181
-404 180
-403 180
-403 179
-403 178
-402 178
-402 177
-401 177
-401 176
-401 175
-400 175
-400 174
-400 173
-399 173
-399 172
-399 171
-398 171
-398 170
-398 169
-397 169
-397 168
-396 168
-396 167
-396 166
-395 166
-395 165
-395 164
-394 164
-394 163
-393 163
-393 162
-393 161
-392 161
-392 160
-392 159
-391 159
-391 158
-390 158
-390 157
-390 156
-389 156
-389 155
-388 155
-388 154
-388 153
-387 153
-387 152
-386 152
-386 151
-386 150
-385 150
-385 149
-384 149
-384 148
-384 147
-383 147
-383 146
-382 146
-382 145
-382 144
-381 144
-381 143
-380 143
-380 142
-379 142
-379 141
-379 140
-378 140
-378 139
-377 139
-377 138
-377 137
-376 137
-376 136
-375 136
-375 135
-374 135
-374 134
-374 133
-373 133
-373 132
-372 132
-372 131
-371 131
-371 130
-371 129
-370 129
-370 128
-369 128
-369 127
-368 127
-368 126
-367 125
-367 124
-366 124
-366 123
-365 123
-365 122
-364 122
-364 121
-364 120
-363 120
-363 119
-362 119
-362 118
-361 118
-361 117
-360 117
-360 116
-359 115
-359 114
-358 114
-358 113
-357 113
-357 112
-356 112
-356 111
-355 111
-355 110
-355 109
-354 109
-354 108
-353 108
-353 107
-352 107
-352 106
-351 106
-351 105
-350 105
-350 104
-349 103
-349 102
-348 102
-348 101
-347 101
-347 100
-346 100
-346 99
-345 99
-345 98
-344 98
-344 97
-343 97
-343 96
-343 95
-342 95
-342 94
-341 94
-341 93
-340 93
-340 92
-339 92
-339 91
-338 91
-338 90
-337 90
-337 89
-336 89
-336 88
-335 88
-335 87
-334 86
-334 85
-333 85
-333 84
-332 84
-332 83
-331 83
-331 82
-330 82
-330 81
-329 81
-329 80
-328 80
-328 79
-327 79
-327 78
-326 78
-326 77
-325 77
-325 76
-324 76
-324 75
-323 75
-323 74
-322 74
-322 73
-321 72
-320 71
-320 70
-319 70
-319 69
-318 69
-318 68
-317 68
-317 67
-316 67
-316 66
-315 66
-315 65
-314 65
-314 64
-313 64
-313 63
-312 63
-312 62
-311 62
-311 61
-310 61
-310 60
-309 60
-309 59
-308 59
-308 58
-307 58
-307 57
-306 57
-306 56
-305 56
-305 55
-304 55
-304 54
-303 54
-303 53
-302 53
-302 52
-301 52
-301 51
-300 51
-300 50
-299 50
-299 49
-298 49
-298 48
-297 48
-297 47
-296 47
-296 46
-295 46
-295 45
-294 45
-294 44
-293 44
-293 43
-292 43
-292 42
-291 42
-291 41
-290 41
-290 40
-289 40
-289 39
-288 39
-288 38
-287 38
-287 37
-286 37
-286 36
-285 36
-285 35
-284 35
-284 34
-283 34
-283 33
-282 33
-282 32
-281 32
-281 31
-280 31
-280 30
-279 30
-279 29
-278 29
-277 28
-276 27
-275 27
-275 26
-274 26
-274 25
-273 25
-273 24
-272 24
-272 23
-271 23
-271 22
-270 22
-270 21
-269 21
-269 20
-268 20
-268 19
-267 19
-267 18
-266 18
-266 17
-265 17
-265 16
-264 16
-264 15
-263 15
-263 14
-262 14
-262 13
-261 13
-260 12
-259 12
-259 11
-258 11
-258 10
-257 10
-257 9
-256 9
-256 8
-255 8
-255 7
-254 7
-254 6
-253 6
-253 5
-252 5
-252 4
-251 4
-251 3
-250 3
-250 2
-249 2
-248 1
-247 1
-247 0
-246 0
-245 0
-245 -1
-244 -1
-244 -2
-243 -2
-243 -3
-242 -3
-242 -4
-241 -4
-241 -5
-240 -5
-240 -6
-239 -6
-239 -7
-238 -7
-237 -8
-236 -8
-236 -9
-235 -9
-235 -10
-234 -10
-234 -11
-233 -11
-233 -12
-232 -12
-232 -13
-231 -13
-231 -14
-230 -14
-230 -15
-229 -15
-228 -16
-227 -16
-227 -17
-226 -17
-226 -18
-225 -18
-225 -19
-224 -19
-224 -20
-223 -20
-223 -21
-222 -21
-222 -22
-221 -22
-220 -23
-219 -23
-219 -24
-218 -24
-218 -25
-217 -25
-217 -26
-216 -26
-216 -27
-215 -27
-215 -28
-214 -28
-214 -29
-213 -29
-212 -30
-211 -30
-211 -31
-210 -31
-210 -32
-209 -32
-209 -33
-208 -33
-208 -34
-207 -34
-207 -35
-206 -35
-206 -36
-205 -36
-204 -36
-204 -37
-203 -37
-203 -38
-202 -38
-202 -39
-201 -39
-201 -40
-200 -40
-200 -41
-199 -41
-199 -42
-198 -42
-197 -43
-196 -43
-196 -44
-195 -44
-195 -45
-194 -45
-194 -46
-193 -46
-193 -47
-192 -47
-192 -48
-191 -48
-190 -48
-190 -49
-189 -49
-189 -50
-188 -50
-188 -51
-187 -51
-187 -52
-186 -52
-186 -53
-185 -53
-184 -53
-184 -54
-183 -54
-183 -55
-182 -55
-182 -56
-181 -56
-181 -57
-180 -57
-180 -58
-179 -58
-178 -59
-177 -59
-177 -60
-176 -60
-176 -61
-175 -61
-175 -62
-174 -62
-174 -63
-173 -63
-172 -64
-171 -64
-171 -65
-170 -65
-170 -66
-169 -66
-169 -67
-168 -67
-168 -68
-167 -68
-166 -69
-165 -69
-165 -70
-164 -70
-164 -71
-163 -71
-163 -72
-162 -72
-162 -73
-161 -73
-160 -74
-159 -74
-159 -75
-158 -75
-158 -76
-157 -76
-157 -77
-156 -77
-156 -78
-155 -78
-154 -78
-154 -79
-153 -79
-153 -80
-152 -80
-152 -81
-151 -81
-151 -82
-150 -82
-149 -83
-148 -83
-148 -84
-147 -84
-147 -85
-146 -85
-146 -86
-145 -86
-145 -87
-144 -87
-143 -87
-143 -88
-142 -88
-142 -89
-141 -89
-141 -90
-140 -90
-140 -91
-139 -91
-138 -91
-138 -92
-137 -92
-137 -93
-136 -93
-136 -94
-135 -94
-135 -95
-134 -95
-133 -96
-132 -96
-132 -97
-131 -97
-131 -98
-130 -98
-130 -99
-129 -99
-129 -100
-128 -100
-127 -100
-127 -101
-126 -101
-126 -102
-125 -102
-125 -103
-124 -103
-124 -104
-123 -104
-122 -104
-122 -105
-121 -105
-121 -106
-120 -106
-120 -107
-119 -107
-119 -108
-118 -108
-117 -108
-117 -109
-116 -109
-116 -110
-115 -110
-115 -111
-114 -111
-113 -112
-112 -112
-112 -113
-111 -113
-111 -114
-110 -114
-110 -115
-109 -115
-108 -116
-107 -116
-107 -117
-106 -117
-106 -118
-105 -118
-105 -119
-104 -119
-104 -120
-103 -120
-102 -120
-102 -121
-101 -121
-101 -122
-100 -122
-100 -123
-99 -123
-98 -124
-97 -124
-97 -125
-96 -125
-96 -126
-95 -126
-95 -127
-94 -127
-93 -127
-93 -128
-92 -128
-92 -129
-91 -129
-91 -130
-90 -130
-89 -131
-88 -131
-88 -132
-87 -132
-87 -133
-86 -133
-86 -134
-85 -134
-84 -134
-84 -135
-83 -135
-83 -136
-82 -136
-82 -137
-81 -137
-81 -138
-80 -138
-79 -138
-79 -139
-78 -139
-78 -140
-77 -140
-77 -141
-76 -141
-75 -142
-74 -142
-74 -143
-73 -143
-73 -144
-72 -144
-72 -145
-71 -145
-70 -145
-70 -146
-69 -146
-69 -147
-68 -147
-68 -148
-67 -148
-66 -149
-65 -149
-65 -150
-64 -150
-64 -151
-63 -151
-63 -152
-62 -152
-61 -152
-61 -153
-60 -153
-60 -154
-59 -154
-59 -155
-58 -155
-57 -155
-57 -156
-56 -156
-56 -157
-55 -157
-55 -158
-54 -158
-53 -159
-52 -159
-52 -160
-51 -160
-51 -161
-50 -161
-50 -162
-49 -162
-48 -162
-48 -163
-47 -163
-47 -164
-46 -164
-46 -165
-45 -165
-44 -166
-43 -166
-43 -167
-42 -167
-42 -168
-41 -168
-40 -169
-39 -169
-39 -170
-38 -170
-38 -171
-37 -171
-37 -172
-36 -172
-35 -172
-35 -173
-34 -173
-34 -174
-33 -174
-32 -175
-31 -175
-31 -176
-30 -176
-30 -177
-29 -177
-29 -178
-28 -178
-27 -178
-27 -179
-26 -179
-26 -180
-25 -180
-25 -181
-24 -181
-23 -181
-23 -182
-22 -182
-22 -183
-21 -183
-21 -184
-20 -184
-19 -184
-19 -185
-18 -185
-18 -186
-17 -186
-17 -187
-16 -187
-15 -188
-14 -188
-14 -189
-13 -189
-13 -190
-12 -190
-11 -191
-10 -191
-10 -192
-9 -192
-9 -193
-8 -193
-7 -194
-6 -194
-6 -195
-5 -195
-5 -196
-4 -196
-3 -197
-2 -197
-2 -198
-1 -198
-1 -199
0 -199
0 -200
1 -200
1 -201
2 -201
2 -202
3 -202
4 -203
5 -203
5 -204
6 -204
6 -205
7 -205
8 -205
8 -206
9 -206
9 -207
10 -207
11 -208
12 -208
12 -209
13 -209
13 -210
14 -210
15 -210
15 -211
16 -211
16 -212
17 -212
18 -212
18 -213
19 -213
19 -214
20 -214
21 -214
21 -215
22 -215
22 -216
23 -216
24 -216
24 -217
25 -217
25 -218
26 -218
27 -218
27 -219
28 -219
28 -220
29 -220
30 -220
30 -221
31 -221
32 -221
32 -222
33 -222
33 -223
34 -223
35 -223
35 -224
36 -224
37 -225
38 -225
38 -226
39 -226
40 -226
40 -227
41 -227
42 -228
43 -228
43 -229
44 -229
45 -229
45 -230
46 -230
47 -230
47 -231
48 -231
48 -232
49 -232
50 -232
50 -233
51 -233
52 -233
52 -234
53 -234
54 -234
54 -235
55 -235
56 -235
56 -236
57 -236
57 -237
58 -237
59 -237
59 -238
60 -238
61 -238
61 -239
62 -239
63 -239
63 -240
64 -240
65 -240
65 -241
66 -241
67 -241
67 -242
68 -242
69 -242
69 -243
70 -243
71 -243
71 -244
72 -244
73 -244
73 -245
74 -245
75 -245
75 -246
76 -246
77 -246
77 -247
78 -247
79 -247
79 -248
80 -248
81 -248
81 -249
82 -249
83 -249
84 -250
85 -250
86 -250
86 -251
87 -251
88 -251
88 -252
89 -252
90 -252
90 -253
91 -253
92 -253
93 -254
94 -254
95 -254
95 -255
96 -255
97 -255
97 -256
98 -256
99 -256
100 -257
101 -257
102 -257
102 -258
103 -258
104 -258
104 -259
105 -259
106 -259
107 -259
107 -260
108 -260
109 -260
109 -261
110 -261
111 -261
112 -261
112 -262
113 -262
114 -262
115 -262
115 -263
116 -263
117 -263
117 -264
118 -264
119 -264
120 -264
120 -265
121 -265
122 -265
123 -265
123 -266
124 -266
125 -266
126 -266
126 -267
127 -267
128 -267
129 -267
129 -268
130 -268
131 -268
132 -269
133 -269
134 -269
135 -270
136 -270
137 -270
138 -271
139 -271
140 -271
141 -271
141 -272
142 -272
143 -272
144 -272
144 -273
145 -273
146 -273
147 -273
147 -274
148 -274
149 -274
150 -274
151 -275
152 -275
153 -275
154 -275
154 -276
155 -276
156 -276
157 -276
158 -276
158 -277
159 -277
160 -277
161 -277
161 -278
162 -278
163 -278
164 -278
165 -278
165 -279
166 -279
167 -279
168 -279
169 -279
169 -280
170 -280
171 -280
172 -280
173 -280
173 -281
174 -281
175 -281
176 -281
177 -281
177 -282
178 -282
179 -282
180 -282
181 -282
181 -283
182 -283
183 -283
184 -283
185 -283
186 -283
186 -284
187 -284
188 -284
189 -284
190 -284
191 -285
192 -285
193 -285
194 -285
195 -285
196 -286
197 -286
198 -286
199 -286
200 -286
201 -287
202 -287
203 -287
204 -287
205 -287
206 -287
206 -288
207 -288
208 -288
209 -288
210 -288
211 -288
212 -288
212 -289
213 -289
214 -289
215 -289
216 -289
217 -289
218 -289
218 -290
219 -290
220 -290
221 -290
222 -290
223 -290
224 -290
224 -291
225 -291
226 -291
227 -291
228 -291
229 -291
230 -291
231 -291
232 -292
233 -292
234 -292
235 -292
236 -292
237 -292
238 -292
239 -292
240 -292
240 -293
241 -293
242 -293
243 -293
244 -293
245 -293
246 -293
247 -293
248 -293
249 -293
249 -294
250 -294
251 -294
252 -294
253 -294
254 -294
255 -294
256 -294
257 -294
258 -294
259 -294
259 -295
260 -295
261 -295
262 -295
263 -295
264 -295
265 -295
266 -295
267 -295
268 -295
269 -295
270 -295
271 -295
272 -295
273 -295
273 -296
274 -296
275 -296
276 -296
277 -296
278 -296
279 -296
280 -296
281 -296
282 -296
283 -296
284 -296
285 -296
286 -296
287 -296
288 -296
289 -296
290 -296
291 -296
292 -296
293 -296
294 -296
295 -296
296 -296
297 -296
298 -296
298 -297
299 -297
300 -297
301 -297
302 -297
303 -297
304 -297
305 -297
306 -297
307 -297
308 -297
309 -297
310 -297
311 -297
312 -297
313 -297
314 -297
315 -297
316 -297
317 -297
318 -297
319 -297
320 -297
321 -297
322 -297
323 -297
324 -297
324 -296
325 -296
326 -296
327 -296
328 -296
329 -296
330 -296
331 -296
332 -296
333 -296
334 -296
335 -296
336 -296
337 -296
338 -296
339 -296
340 -296
341 -296
342 -296
343 -296
344 -296
345 -296
346 -296
347 -296
348 -296
349 -296
349 -295
350 -295
351 -295
352 -295
353 -295
354 -295
355 -295
356 -295
357 -295
358 -295
359 -295
360 -295
361 -295
362 -295
363 -295
364 -295
364 -294
365 -294
366 -294
367 -294
368 -294
369 -294
370 -294
371 -294
372 -294
373 -294
374 -294
375 -294
375 -293
376 -293
377 -293
378 -293
379 -293
380 -293
381 -293
382 -293
383 -293
384 -293
385 -292
386 -292
387 -292
388 -292
389 -292
390 -292
391 -292
392 -292
393 -292
393 -291
394 -291
395 -291
396 -291
397 -291
398 -291
399 -291
400 -291
401 -291
401 -290
402 -290
403 -290
404 -290
405 -290
406 -290
407 -290
408 -290
408 -289
409 -289
410 -289
411 -289
412 -289
413 -289
414 -289
415 -288
416 -288
417 -288
418 -288
419 -288
420 -288
421 -288
421 -287
422 -287
423 -287
424 -287
425 -287
426 -287
427 -286
428 -286
429 -286
430 -286
431 -286
432 -286
432 -285
433 -285
434 -285
435 -285
436 -285
437 -285
438 -284
439 -284
440 -284
441 -284
442 -284
443 -284
443 -283
444 -283
445 -283
446 -283
447 -283
448 -283
448 -282
449 -282
450 -282
451 -282
452 -282
452 -281
453 -281
454 -281
455 -281
456 -281
457 -281
457 -280
458 -280
459 -280
460 -280
461 -280
462 -279
463 -279
464 -279
465 -279
466 -279
466 -278
467 -278
468 -278
469 -278
470 -278
470 -277
471 -277
472 -277
473 -277
474 -277
474 -276
475 -276
476 -276
477 -276
478 -276
478 -275
479 -275
480 -275
481 -275
482 -275
482 -274
483 -274
484 -274
485 -274
486 -274
486 -273
487 -273
488 -273
489 -273
490 -272
491 -272
492 -272
493 -272
493 -271
494 -271
495 -271
496 -271
497 -271
497 -270
498 -270
499 -270
500 -270
500 -269
501 -269
502 -269
503 -269
504 -269
504 -268
505 -268
506 -268
507 -268
507 -267
508 -267
509 -267
510 -267
510 -266
511 -266
512 -266
513 -266
513 -265
514 -265
515 -265
516 -265
517 -265
517 -264
518 -264
519 -264
520 -264
520 -263
521 -263
522 -263
523 -263
523 -262
524 -262
525 -262
526 -262
526 -261
527 -261
528 -261
529 -261
529 -260
530 -260
531 -260
532 -260
532 -259
533 -259
534 -259
535 -258
536 -258
537 -258
537 -257
538 -257
539 -257
540 -257
540 -256
541 -256
542 -256
543 -256
543 -255
544 -255
545 -255
546 -255
546 -254
547 -254
548 -254
548 -253
549 -253
550 -253
551 -253
551 -252
552 -252
553 -252
553 -251
554 -251
555 -251
556 -251
556 -250
557 -250
558 -250
559 -249
560 -249
561 -249
561 -248
562 -248
563 -248
563 -247
564 -247
565 -247
566 -247
566 -246
567 -246
568 -246
568 -245
569 -245
570 -245
571 -245
571 -244
572 -244
573 -244
573 -243
574 -243
575 -243
575 -242
576 -242
577 -242
578 -241
579 -241
580 -241
580 -240
581 -240
582 -240
582 -239
583 -239
584 -239
584 -238
585 -238
586 -238
586 -237
587 -237
588 -237
588 -236
589 -236
590 -236
590 -235
591 -235
592 -235
593 -235
593 -234
594 -234
595 -233
596 -233
597 -233
597 -232
598 -232
599 -232
599 -231
600 -231
601 -231
601 -230
602 -230
603 -230
603 -229
604 -229
605 -228
606 -228
606 -227
607 -227
608 -227
608 -226
609 -226
610 -226
610 -225
611 -225
612 -225
612 -224
613 -224
614 -224
614 -223
615 -223
616 -223
616 -222
617 -222
617 -221
618 -221
619 -221
619 -220
620 -220
621 -220
621 -219
622 -219
623 -219
623 -218
624 -218
624 -217
625 -217
626 -217
626 -216
627 -216
628 -216
628 -215
629 -215
629 -214
630 -214
631 -214
631 -213
632 -213
633 -212
634 -212
634 -211
635 -211
636 -211
636 -210
637 -210
637 -209
638 -209
639 -209
639 -208
640 -208
640 -207
641 -207
642 -207
642 -206
643 -206
643 -205
644 -205
645 -205
645 -204
646 -204
646 -203
647 -203
647 -202
648 -202
649 -202
649 -201
650 -201
650 -200
651 -200
652 -199
653 -199
653 -198
654 -198
654 -197
655 -197
655 -196
656 -196
657 -196
657 -195
658 -195
658 -194
659 -194
659 -193
660 -193
661 -192
662 -192
662 -191
663 -191
663 -190
664 -190
664 -189
665 -189
665 -188
666 -188
666 -187
667 -187
667 -186
668 -186
669 -186
669 -185
670 -185
670 -184
671 -184
671 -183
672 -183
672 -182
673 -182
673 -181
674 -181
674 -180
675 -180
675 -179
676 -179
676 -178
677 -178
677 -177
678 -177
678 -176
679 -176
679 -175
679 -174
680 -174
680 -173
681 -173
681 -172
682 -172
682 -171
683 -171
683 -170
684 -170
684 -169
684 -168
685 -168
685 -167
686 -167
686 -166
687 -166
687 -165
687 -164
688 -164
688 -163
689 -163
689 -162
689 -161
690 -161
690 -160
690 -159
691 -159
691 -158
692 -158
692 -157
692 -156
693 -156
693 -155
693 -154
694 -154
694 -153
694 -152
694 -151
695 -151
695 -150
695 -149
696 -149
696 -148
696 -147
696 -146
696 -145
697 -145
697 -144
697 -143
697 -142
697 -141
697 -140
697 -139
697 -138
698 -138
698 -137
698 -136
698 -135
697 -135
697 -134
697 -133
697 -132
697 -131
697 -130
697 -129
696 -129
696 -128
696 -127
696 -126
695 -126
695 -125
695 -124
694 -124
694 -123
694 -122
693 -122
693 -121
693 -120
692 -120
692 -119
691 -119
691 -118
691 -117
690 -117
690 -116
689 -116
689 -115
688 -115
688 -114
687 -114
687 -113
686 -113
686 -112
685 -112
685 -111
684 -111
683 -111
683 -110
682 -110
682 -109
681 -109
681 -108
680 -108
679 -108
679 -107
678 -107
678 -106
677 -106
676 -106
676 -105
675 -105
674 -105
674 -104
673 -104
672 -104
672 -103
671 -103
670 -103
670 -102
669 -102
668 -102
668 -101
667 -101
666 -101
666 -100
665 -100
664 -100
663 -100
663 -99
662 -99
661 -99
660 -99
660 -98
659 -98
658 -98
657 -98
657 -97
656 -97
655 -97
654 -97
654 -96
653 -96
652 -96
651 -96
651 -95
650 -95
649 -95
648 -95
647 -95
647 -94
646 -94
645 -94
644 -94
643 -94
643 -93
642 -93
641 -93
640 -93
639 -93
638 -93
638 -92
637 -92
636 -92
635 -92
634 -92
633 -92
633 -91
632 -91
631 -91
630 -91
629 -91
628 -91
627 -91
627 -90
626 -90
625 -90
624 -90
623 -90
622 -90
621 -90
620 -90
620 -89
619 -89
618 -89
617 -89
616 -89
615 -89
614 -89
613 -89
612 -89
612 -88
611 -88
610 -88
609 -88
608 -88
607 -88
606 -88
605 -88
604 -88
603 -88
602 -88
601 -88
601 -87
600 -87
599 -87
598 -87
597 -87
596 -87
595 -87
594 -87
593 -87
592 -87
591 -87
590 -87
589 -87
588 -87
587 -87
586 -87
585 -87
584 -87
584 -86
583 -86
582 -86
581 -86
580 -86
579 -86
578 -86
577 -86
576 -86
575 -86
574 -86
573 -86
572 -86
571 -86
570 -86
569 -86
568 -86
567 -86
566 -86
565 -86
564 -86
563 -86
562 -86
561 -86
560 -86
559 -86
558 -86
557 -86
556 -86
555 -86
554 -86
553 -86
552 -86
551 -86
550 -86
549 -86
548 -86
547 -86
546 -86
545 -86
544 -86
543 -86
542 -86
541 -86
540 -86
539 -86
538 -86
537 -86
536 -86
535 -86
535 -87
534 -87
533 -87
532 -87
531 -87
530 -87
529 -87
528 -87
527 -87
526 -87
525 -87
524 -87
523 -87
522 -87
521 -87
520 -87
519 -87
518 -87
517 -87
516 -87
515 -87
514 -87
514 -88
513 -88
512 -88
511 -88
510 -88
509 -88
508 -88
507 -88
506 -88
505 -88
504 -88
503 -88
502 -88
501 -88
500 -88
499 -88
498 -89
497 -89
496 -89
495 -89
494 -89
493 -89
492 -89
491 -89
490 -89
489 -89
488 -89
487 -89
486 -89
486 -90
485 -90
484 -90
483 -90
482 -90
481 -90
480 -90
479 -90
478 -90
477 -90
476 -90
475 -90
475 -91
474 -91
473 -91
472 -91
471 -91
470 -91
469 -91
468 -91
467 -91
466 -91
465 -91
464 -91
464 -92
463 -92
462 -92
461 -92
460 -92
459 -92
458 -92
457 -92
456 -92
455 -92
455 -93
454 -93
453 -93
452 -93
451 -93
450 -93
449 -93
448 -93
447 -93
446 -93
446 -94
445 -94
444 -94
443 -94
442 -94
441 -94
440 -94
439 -94
438 -94
437 -95
436 -95
435 -95
434 -95
433 -95
432 -95
431 -95
430 -95
429 -95
429 -96
428 -96
427 -96
426 -96
425 -96
424 -96
423 -96
422 -96
421 -96
421 -97
420 -97
419 -97
418 -97
417 -97
416 -97
415 -97
414 -97
414 -98
413 -98
412 -98
411 -98
410 -98
409 -98
408 -98
407 -98
407 -99
406 -99
405 -99
404 -99
403 -99
402 -99
401 -99
400 -99
400 -100
399 -100
398 -100
397 -100
396 -100
395 -100
394 -100
393 -100
392 -101
391 -101
390 -101
389 -101
388 -101
387 -101
386 -101
385 -101
385 -102
384 -102
383 -102
382 -102
381 -102
380 -102
379 -102
378 -102
378 -103
377 -103
376 -103
375 -103
374 -103
373 -103
372 -103
371 -103
370 -104
369 -104
368 -104
367 -104
366 -104
365 -104
364 -104
363 -104
363 -105
362 -105
361 -105
360 -105
359 -105
358 -105
357 -105
356 -105
355 -105
355 -106
354 -106
353 -106
352 -106
351 -106
350 -106
349 -106
348 -106
347 -106
347 -107
346 -107
345 -107
344 -107
343 -107
342 -107
341 -107
340 -107
339 -107
339 -108
338 -108
337 -108
336 -108
335 -108
334 -108
333 -108
332 -108
331 -108
330 -109
329 -109
328 -109
327 -109
326 -109
325 -109
324 -109
323 -109
322 -109
322 -110
321 -110
320 -110
319 -110
318 -110
317 -110
316 -110
315 -110
314 -110
313 -110
313 -111
312 -111
311 -111
310 -111
309 -111
308 -111
307 -111
306 -111
305 -111
304 -111
303 -111
303 -112
302 -112
301 -112
300 -112
299 -112
298 -112
297 -112
296 -112
295 -112
294 -112
294 -113
293 -113
292 -113
291 -113
290 -113
289 -113
288 -113
287 -113
286 -113
285 -113
284 -113
283 -113
283 -114
282 -114
281 -114
280 -114
279 -114
278 -114
277 -114
276 -114
275 -114
274 -114
273 -114
272 -114
272 -115
271 -115
270 -115
269 -115
268 -115
267 -115
266 -115
265 -115
264 -115
263 -115
262 -115
261 -115
260 -116
259 -116
258 -116
257 -116
256 -116
255 -116
254 -116
253 -116
252 -116
251 -116
250 -116
249 -116
248 -116
247 -117
246 -117
245 -117
244 -117
243 -117
242 -117
241 -117
240 -117
239 -117
238 -117
237 -117
236 -117
235 -117
234 -117
233 -117
233 -118
232 -118
231 -118
230 -118
229 -118
228 -118
227 -118
226 -118
225 -118
224 -118
223 -118
222 -118
221 -118
220 -118
219 -118
218 -118
217 -118
216 -118
215 -119
214 -119
213 -119
212 -119
211 -119
210 -119
209 -119
208 -119
207 -119
206 -119
205 -119
204 -119
203 -119
202 -119
201 -119
200 -119
199 -119
198 -119
197 -119
196 -119
195 -119
194 -119
193 -119
192 -119
191 -119
190 -119
190 -120
189 -120
188 -120
187 -120
186 -120
185 -120
184 -120
183 -120
182 -120
181 -120
180 -120
179 -120
178 -120
177 -120
176 -120
175 -120
174 -120
173 -120
172 -120
171 -120
170 -120
169 -120
168 -120
167 -120
166 -120
165 -120
164 -120
163 -120
162 -120
161 -120
160 -120
159 -120
158 -120
157 -120
156 -120
155 -120
154 -120
153 -120
152 -120
151 -120
150 -120
149 -120
148 -120
147 -120
146 -120
145 -120
144 -120
143 -120
142 -120
141 -120
140 -120
139 -120
138 -120
137 -120
137 -119
136 -119
135 -119
134 -119
133 -119
132 -119
131 -119
130 -119
129 -119
128 -119
127 -119
126 -119
125 -119
124 -119
123 -119
122 -119
121 -119
120 -119
119 -119
118 -119
117 -119
117 -118
116 -118
115 -118
114 -118
113 -118
112 -118
111 -118
110 -118
109 -118
108 -118
107 -118
106 -118
105 -118
104 -117
103 -117
102 -117
101 -117
100 -117
99 -117
98 -117
97 -117
96 -117
95 -117
95 -116
94 -116
93 -116
92 -116
91 -116
90 -116
89 -116
88 -116
87 -116
87 -115
86 -115
85 -115
84 -115
83 -115
82 -115
81 -115
80 -115
80 -114
79 -114
78 -114
77 -114
76 -114
75 -114
74 -114
74 -113
73 -113
72 -113
71 -113
70 -113
69 -113
68 -113
68 -112
67 -112
66 -112
65 -112
64 -112
64 -111
63 -111
62 -111
61 -111
60 -111
59 -111
59 -110
58 -110
57 -110
56 -110
55 -110
55 -109
54 -109
53 -109
52 -109
51 -109
51 -108
50 -108
49 -108
48 -108
48 -107
47 -107
46 -107
45 -107
45 -106
44 -106
43 -106
42 -106
41 -105
40 -105
39 -105
39 -104
38 -104
37 -104
36 -104
36 -103
35 -103
34 -103
34 -102
33 -102
32 -102
31 -102
31 -101
30 -101
29 -101
29 -100
28 -100
27 -100
27 -99
26 -99
25 -99
25 -98
24 -98
23 -98
23 -97
22 -97
21 -97
21 -96
20 -96
19 -96
19 -95
18 -95
18 -94
17 -94
16 -94
16 -93
15 -93
15 -92
14 -92
13 -91
12 -91
12 -90
11 -90
11 -89
10 -89
10 -88
9 -88
9 -87
8 -87
8 -86
7 -86
7 -85
6 -85
6 -84
5 -84
5 -83
4 -83
4 -82
3 -82
3 -81
2 -81
2 -80
2 -79
1 -79
1 -78
0 -77
0 -76
0 -75
0 -74
-1 -74
-1 -73
-1 -72
-1 -71
-2 -71
-2 -70
-2 -69
-2 -68
-3 -68
-3 -67
-3 -66
-3 -65
-3 -64
-3 -63
-4 -63
-4 -62
-4 -61
-4 -60
-4 -59
-4 -58
-4 -57
-4 -56
-4 -55
-4 -54
-4 -53
-4 -52
-3 -52
-3 -51
-3 -50
-3 -49
-3 -48
-3 -47
-3 -46
-2 -46
-2 -45
-2 -44
-2 -43
-1 -43
-1 -42
-1 -41
-1 -40
0 -40
0 -39
0 -38
0 -37
0 -36
0 -35
1 -35
1 -34
1 -33
1 -32
2 -32
2 -31
2 -30
3 -30
3 -29
3 -28
4 -28
4 -27
5 -27
5 -26
5 -25
6 -25
6 -24
6 -23
7 -23
7 -22
8 -21
8 -20
9 -20
9 -19
9 -18
10 -18
10 -17
11 -17
11 -16
12 -15
12 -14
13 -14
13 -13
14 -13
14 -12
14 -11
15 -11
15 -10
16 -10
16 -9
17 -9
17 -8
18 -8
18 -7
18 -6
19 -6
19 -5
20 -5
20 -4
21 -4
21 -3
22 -3
22 -2
23 -2
23 -1
24 0
25 0
25 1
26 1
26 2
27 2
27 3
28 3
28 4
29 4
29 5
30 5
30 6
31 6
31 7
32 7
32 8
33 8
33 9
34 9
34 10
35 10
35 11
36 11
36 12
37 12
37 13
38 13
38 14
39 14
39 15
40 15
40 16
41 16
41 17
42 17
42 18
43 18
43 19
44 19
45 19
45 20
46 20
46 21
47 21
47 22
48 22
48 23
49 23
49 24
50 24
50 25
51 25
51 26
52 26
53 26
53 27
54 27
54 28
55 28
55 29
56 29
56 30
57 30
58 31
59 31
59 32
60 32
60 33
61 33
61 34
62 34
63 35
64 35
64 36
65 36
65 37
66 37
66 38
67 38
68 38
68 39
69 39
69 40
70 40
70 41
71 41
72 41
72 42
73 42
73 43
74 43
75 43
75 44
76 44
76 45
77 45
77 46
78 46
79 46
79 47
80 47
80 48
81 48
82 48
82 49
83 49
83 50
84 50
85 50
85 51
86 51
86 52
87 52
88 52
88 53
89 53
89 54
90 54
91 54
91 55
92 55
92 56
93 56
94 56
94 57
95 57
95 58
96 58
97 58
97 59
98 59
98 60
99 60
100 60
100 61
101 61
102 61
102 62
103 62
103 63
104 63
105 63
105 64
106 64
107 64
107 65
108 65
108 66
109 66
110 66
110 67
111 67
112 67
112 68
113 68
114 68
114 69
115 69
115 70
116 70
117 70
117 71
118 71
119 71
119 72
120 72
121 72
121 73
122 73
123 73
123 74
124 74
125 74
125 75
126 75
127 75
127 76
128 76
129 77
130 77
131 78
132 78
133 79
134 79
135 79
135 80
136 80
137 80
137 81
138 81
139 81
139 82
140 82
141 82
141 83
142 83
143 83
143 84
144 84
145 84
145 85
146 85
147 85
148 85
148 86
149 86
150 86
150 87
151 87
152 87
152 88
153 88
154 88
155 88
155 89
156 89
157 89
157 90
158 90
159 90
160 90
160 91
161 91
162 91
163 91
163 92
164 92
165 92
166 92
166 93
167 93
168 93
169 93
169 94
170 94
171 94
172 94
172 95
173 95
174 95
175 95
175 96
176 96
177 96
178 96
179 96
179 97
180 97
181 97
182 97
183 97
183 98
184 98
185 98
186 98
187 98
188 98
188 99
189 99
190 99
191 99
192 99
193 99
194 99
195 99
196 99
197 99
198 99
199 99