200 50
200 51
201 51
201 52
201 53
202 53
202 54
203 54
203 55
203 56
204 56
204 57
204 58
205 58
205 59
206 59
206 60
206 61
207 61
207 62
208 62
208 63
208 64
209 64
209 65
210 65
210 66
211 66
211 67
211 68
212 68
212 69
213 69
213 70
213 71
214 71
214 72
215 72
215 73
216 73
216 74
217 74
217 75
217 76
218 76
218 77
219 77
219 78
220 78
220 79
221 79
221 80
222 80
222 81
222 82
223 82
223 83
224 83
224 84
225 84
225 85
226 85
226 86
227 86
227 87
228 87
228 88
229 88
229 89
230 89
230 90
231 90
231 91
232 91
232 92
233 92
233 93
234 93
234 94
235 94
235 95
236 95
236 96
237 96
238 96
238 97
239 97
239 98
240 98
240 99
241 99
241 100
242 100
243 101
244 101
244 102
245 102
245 103
246 103
247 103
247 104
248 104
248 105
249 105
250 105
250 106
251 106
251 107
252 107
253 107
253 108
254 108
254 109
255 109
256 109
256 110
257 110
258 110
258 111
259 111
260 111
260 112
261 112
262 112
262 113
263 113
264 113
264 114
265 114
266 114
266 115
267 115
268 115
269 115
269 116
270 116
271 116
272 116
272 117
273 117
274 117
275 117
275 118
276 118
277 118
278 118
278 119
279 119
280 119
281 119
282 119
282 120
283 120
284 120
285 120
286 120
286 121
287 121
288 121
289 121
290 121
291 121
292 121
292 122
293 122
294 122
295 122
296 122
297 122
298 122
299 122
300 122
301 122
301 123
302 123
303 123
304 123
305 123
306 123
307 123
308 123
309 123
310 123
311 123
312 123
313 123
314 123
315 123
316 123
317 123
318 123
319 123
320 123
320 122
321 122
322 122
323 122
324 122
325 122
326 122
327 122
328 122
329 122
330 122
330 121
331 121
332 121
333 121
334 121
335 121
336 121
337 121
337 120
338 120
339 120
340 120
341 120
342 120
343 120
343 119
344 119
345 119
346 119
347 119
348 119
348 118
349 118
350 118
351 118
352 118
352 117
353 117
354 117
355 117
356 117
357 116
358 116
359 116
360 116
360 115
361 115
362 115
363 115
364 115
364 114
365 114
366 114
367 114
368 114
368 113
369 113
370 113
371 113
371 112
372 112
373 112
374 112
374 111
375 111
376 111
377 111
378 110
379 110
380 110
381 110
381 109
382 109
383 109
384 109
384 108
385 108
386 108
387 108
387 107
388 107
389 107
390 106
391 106
392 106
392 105
393 105
394 105
395 105
395 104
396 104
397 104
398 104
398 103
399 103
400 103
401 102
402 102
403 102
403 101
404 101
405 101
406 101
406 100
407 100
408 100
408 99
409 99
410 99
411 99
411 98
412 98
413 98
414 97
415 97
416 97
416 96
417 96
418 96
418 95
419 95
420 95
421 95
421 94
422 94
423 94
423 93
424 93
425 93
426 93
426 92
427 92
428 92
428 91
429 91
430 91
431 91
431 90
432 90
433 90
433 89
434 89
435 89
435 88
436 88
437 88
438 88
438 87
439 87
440 87
440 86
441 86
442 86
442 85
443 85
444 85
444 84
445 84
446 84
447 84
447 83
448 83
449 83
449 82
450 82
451 82
451 81
452 81
453 81
454 81
454 80
455 80
456 80
456 79
457 79
458 79
458 78
459 78
460 78
460 77
461 77
462 77
463 76
464 76
465 76
465 75
466 75
467 75
467 74
468 74
469 74
469 73
470 73
471 73
471 72
472 72
473 72
474 71
475 71
476 71
476 70
477 70
478 70
478 69
479 69
480 69
480 68
481 68
482 68
482 67
483 67
484 67
484 66
485 66
486 66
487 65
488 65
489 65
489 64
490 64
491 64
491 63
492 63
493 63
493 62
494 62
495 62
495 61
496 61
497 61
497 60
498 60
499 60
500 59
501 59
502 59
502 58
503 58
504 58
504 57
505 57
506 57
506 56
507 56
508 56
508 55
509 55
510 55
510 54
511 54
512 54
512 53
513 53
514 53
515 52
516 52
517 52
517 51
518 51
519 51
519 50
520 50
521 50
521 49
522 49
523 49
523 48
524 48
525 48
525 47
526 47
527 47
527 46
528 46
529 46
530 45
531 45
532 45
532 44
533 44
534 44
534 43
535 43
536 43
536 42
537 42
538 42
538 41
539 41
540 41
540 40
541 40
542 40
542 39
543 39
544 39
545 39
545 38
546 38
547 38
547 37
548 37
549 37
549 36
550 36
551 36
551 35
552 35
553 35
553 34
554 34
555 34
555 33
556 33
557 33
558 32
559 32
560 32
560 31
561 31
562 31
562 30
563 30
564 30
564 29
565 29
566 29
566 28
567 28
568 28
568 27
569 27
570 27
571 27
571 26
572 26
573 26
573 25
574 25
575 25
575 24
576 24
577 24
577 23
578 23
579 23
579 22
580 22
581 22
582 22
582 21
583 21
584 21
584 20
585 20
586 20
586 19
587 19
588 19
588 18
589 18
590 18
591 17
592 17
593 17
593 16
594 16
595 16
595 15
596 15
597 15
597 14
598 14
599 14
599 13
600 13
601 13
602 13
602 12
603 12
604 12
604 11
605 11
606 11
606 10
607 10
608 10
608 9
609 9
610 9
611 9
611 8
612 8
613 8
613 7
614 7
615 7
615 6
616 6
617 6
618 5
619 5
620 5
620 4
621 4
622 4
622 3
623 3
624 3
624 2
625 2
626 2
627 2
627 1
628 1
629 1
629 0
630 0
631 0
632 0
633 0
634 0
634 -1
635 -1
636 -1
636 -2
637 -2
638 -2
638 -3
639 -3
640 -3
641 -3
641 -4
642 -4
643 -4
643 -5
644 -5
645 -5
645 -6
646 -6
647 -6
648 -6
648 -7
649 -7
650 -7
650 -8
651 -8
652 -8
653 -8
653 -9
654 -9
655 -9
655 -10
656 -10
657 -10
657 -11
658 -11
659 -11
660 -11
660 -12
661 -12
662 -12
662 -13
663 -13
664 -13
665 -13
665 -14
666 -14
667 -14
667 -15
668 -15
669 -15
670 -15
670 -16
671 -16
672 -16
672 -17
673 -17
674 -17
675 -17
675 -18
676 -18
677 -18
677 -19
678 -19
679 -19
680 -19
680 -20
681 -20
682 -20
683 -21
684 -21
685 -21
685 -22
686 -22
687 -22
688 -22
688 -23
689 -23
690 -23
691 -23
691 -24
692 -24
693 -24
694 -24
694 -25
695 -25
696 -25
697 -26
698 -26
699 -26
700 -27
701 -27
702 -27
703 -27
703 -28
704 -28
705 -28
706 -28
706 -29
707 -29
708 -29
709 -29
709 -30
710 -30
711 -30
712 -30
713 -30
713 -31
714 -31
715 -31
716 -31
716 -32
717 -32
718 -32
719 -32
720 -32
720 -33
721 -33
722 -33
723 -33
724 -33
724 -34
725 -34
726 -34
727 -34
728 -34
729 -34
729 -35
730 -35
731 -35
732 -35
733 -35
734 -35
734 -36
735 -36
736 -36
737 -36
738 -36
739 -36
740 -36
740 -37
741 -37
742 -37
743 -37
744 -37
745 -37
746 -37
747 -37
748 -37
749 -37
750 -37
751 -37
751 -38
752 -38
753 -38
754 -38
755 -38
756 -38
757 -38
758 -38
759 -38
759 -37
760 -37
761 -37
762 -37
763 -37
764 -37
765 -37
766 -37
767 -37
767 -36
768 -36
769 -36
770 -36
771 -36
771 -35
772 -35
773 -35
773 -34
774 -34
775 -34
775 -33
776 -33
777 -33
777 -32
778 -32
778 -31
779 -31
779 -30
780 -30
780 -29
780 -28
781 -28
781 -27
782 -27
782 -26
782 -25
782 -24
782 -23
783 -23
783 -22
783 -21
783 -20
783 -19
783 -18
782 -18
782 -17
782 -16
782 -15
782 -14
782 -13
781 -13
781 -12
781 -11
781 -10
780 -10
780 -9
780 -8
779 -8
779 -7
779 -6
778 -6
778 -5
778 -4
777 -4
777 -3
777 -2
776 -2
776 -1
775 -1
775 0
774 0
774 1
773 2
773 3
772 3
772 4
771 4
771 5
771 6
770 6
770 7
769 7
769 8
768 8
768 9
767 10
767 11
766 11
766 12
765 12
765 13
764 13
764 14
763 14
763 15
762 15
762 16
761 16
761 17
760 17
760 18
760 19
759 19
759 20
758 20
758 21
757 21
757 22
756 22
756 23
755 23
755 24
754 24
754 25
753 25
753 26
752 26
752 27
751 27
750 28
749 28
749 29
748 29
748 30
747 30
747 31
746 31
746 32
745 32
745 33
744 33
744 34
743 34
743 35
742 35
742 36
741 36
741 37
740 37
739 37
739 38
738 38
738 39
737 39
737 40
736 40
736 41
735 41
735 42
734 42
733 43
732 43
732 44
731 44
731 45
730 45
730 46
729 46
728 47
727 47
727 48
726 48
726 49
725 49
725 50
724 50
723 50
723 51
722 51
722 52
721 52
721 53
720 53
719 54
718 54
718 55
717 55
717 56
716 56
715 57
714 57
714 58
713 58
713 59
712 59
711 59
711 60
710 60
710 61
709 61
709 62
708 62
707 62
707 63
706 63
706 64
705 64
704 64
704 65
703 65
703 66
702 66
701 67
700 67
700 68
699 68
699 69
698 69
697 69
697 70
696 70
696 71
695 71
694 71
694 72
693 72
693 73
692 73
691 73
691 74
690 74
690 75
689 75
688 75
688 76
687 76
687 77
686 77
685 77
685 78
684 78
684 79
683 79
682 79
682 80
681 80
680 81
679 81
679 82
678 82
677 82
677 83
676 83
676 84
675 84
674 84
674 85
673 85
673 86
672 86
671 86
671 87
670 87
669 87
669 88
668 88
668 89
667 89
666 89
666 90
665 90
664 91
663 91
663 92
662 92
661 92
661 93
660 93
659 94
658 94
658 95
657 95
656 95
656 96
655 96
654 97
653 97
653 98
652 98
651 98
651 99
650 99
649 99
649 100
648 100
648 101
647 101
646 101
646 102
645 102
644 102
644 103
643 103
642 104
641 104
641 105
640 105
639 105
639 106
638 106
637 106
637 107
636 107
635 107
635 108
634 108
634 109
633 109
632 109
632 110
631 110
630 110
630 111
629 111
628 111
628 112
627 112
626 112
626 113
625 113
624 114
623 114
623 115
622 115
621 115
621 116
620 116
619 116
619 117
618 117
617 117
617 118
616 118
615 118
615 119
614 119
613 120
612 120
611 121
610 121
610 122
609 122
608 122
608 123
607 123
606 123
606 124
605 124
604 124
604 125
603 125
602 125
602 126
601 126
600 126
600 127
599 127
598 127
598 128
597 128
596 128
596 129
595 129
594 129
594 130
593 130
592 130
592 131
591 131
590 131
590 132
589 132
588 132
588 133
587 133
586 133
586 134
585 134
584 134
584 135
583 135
582 135
582 136
581 136
580 136
580 137
579 137
578 137
578 138
577 138
576 138
576 139
575 139
574 139
574 140
573 140
572 140
572 141
571 141
570 141
570 142
569 142
568 142
568 143
567 143
566 143
566 144
565 144
564 144
564 145
563 145
562 145
562 146
561 146
560 146
560 147
559 147
558 147
557 148
556 148
555 149
554 149
553 149
553 150
552 150
551 150
551 151
550 151
549 151
549 152
548 152
547 152
547 153
546 153
545 153
545 154
544 154
543 154
543 155
542 155
541 155
540 155
540 156
539 156
538 156
538 157
537 157
536 157
536 158
535 158
534 158
534 159
533 159
532 159
532 160
531 160
530 160
529 161
528 161
527 161
527 162
526 162
525 162
525 163
524 163
523 163
523 164
522 164
521 164
520 165
519 165
518 165
518 166
517 166
516 166
516 167
515 167
514 167
514 168
513 168
512 168
511 169
510 169
509 169
509 170
508 170
507 170
507 171
506 171
505 171
504 172
503 172
502 172
502 173
501 173
500 173
500 174
499 174
498 174
497 175
496 175
495 175
495 176
494 176
493 176
493 177
492 177
491 177
490 177
490 178
489 178
488 178
488 179
487 179
486 179
486 180
485 180
484 180
483 180
483 181
482 181
481 181
481 182
480 182
479 182
478 183
477 183
476 183
476 184
475 184
474 184
474 185
473 185
472 185
471 185
471 186
470 186
469 186
469 187
468 187
467 187
466 187
466 188
465 188
464 188
464 189
463 189
462 189
461 189
461 190
460 190
459 190
459 191
458 191
457 191
456 191
456 192
455 192
454 192
454 193
453 193
452 193
451 193
451 194
450 194
449 194
449 195
448 195
447 195
446 195
446 196
445 196
444 196
444 197
443 197
442 197
441 197
441 198
440 198
439 198
439 199
438 199
437 199
436 199
436 200
435 200
434 200
433 201
432 201
431 201
431 202
430 202
429 202
428 202
428 203
427 203
426 203
426 204
425 204
424 204
423 204
423 205
422 205
421 205
420 205
420 206
419 206
418 206
418 207
417 207
416 207
415 207
415 208
414 208
413 208
412 209
411 209
410 209
410 210
409 210
408 210
407 210
407 211
406 211
405 211
404 211
404 212
403 212
402 212
402 213
401 213
400 213
399 213
399 214
398 214
397 214
396 214
396 215
395 215
394 215
393 216
392 216
391 216
391 217
390 217
389 217
388 217
388 218
387 218
386 218
385 218
385 219
384 219
383 219
382 220
381 220
380 220
379 221
378 221
377 221
377 222
376 222
375 222
374 222
374 223
373 223
372 223
371 223
371 224
370 224
369 224
368 225
367 225
366 225
365 226
364 226
363 226
363 227
362 227
361 227
360 227
360 228
359 228
358 228
357 228
357 229
356 229
355 229
354 229
354 230
353 230
352 230
351 230
351 231
350 231
349 231
348 231
348 232
347 232
346 232
345 232
345 233
344 233
343 233
342 233
342 234
341 234
340 234
339 235
338 235
337 235
336 235
336 236
335 236
334 236
333 237
332 237
331 237
330 238
329 238
328 238
327 239
326 239
325 239
324 240
323 240
322 240
321 241
320 241
319 241
318 241
318 242
317 242
316 242
315 243
314 243
313 243
312 243
312 244
311 244
310 244
309 244
309 245
308 245
307 245
306 245
306 246
305 246
304 246
303 246
303 247
302 247
301 247
300 247
300 248
299 248
298 248
297 248
297 249
296 249
295 249
294 249
294 250
293 250
292 250
291 250
291 251
290 251
289 251
288 251
287 252
286 252
285 252
284 252
284 253
283 253
282 253
281 253
281 254
280 254
279 254
278 254
278 255
277 255
276 255
275 255
275 256
274 256
273 256
272 256
271 257
270 257
269 257
268 257
268 258
267 258
266 258
265 258
265 259
264 259
263 259
262 259
262 260
261 260
260 260
259 260
259 261
258 261
257 261
256 261
255 261
255 262
254 262
253 262
252 262
252 263
251 263
250 263
249 263
249 264
248 264
247 264
246 264
245 264
245 265
244 265
243 265
242 265
242 266
241 266
240 266
239 266
239 267
238 267
237 267
236 267
235 267
235 268
234 268
233 268
232 268
232 269
231 269
230 269
229 269
228 270
227 270
226 270
225 270
225 271
224 271
223 271
222 271
222 272
221 272
220 272
219 272
218 272
218 273
217 273
216 273
215 273
215 274
214 274
213 274
212 274
211 275
210 275
209 275
208 275
208 276
207 276
206 276
205 276
204 277
203 277
202 277
201 277
201 278
200 278
199 278
198 278
197 278
197 279
196 279
195 279
194 279
194 280
193 280
192 280
191 280
190 280
190 281
189 281
188 281
187 281
187 282
186 282
185 282
184 282
183 282
183 283
182 283
181 283
180 283
179 284
178 284
177 284
176 284
176 285
175 285
174 285
173 285
172 285
172 286
171 286
170 286
169 286
169 287
168 287
167 287
166 287
165 287
165 288
164 288
163 288
162 288
161 288
161 289
160 289
159 289
158 289
157 290
156 290
155 290
154 290
154 291
153 291
152 291
151 291
150 291
150 292
149 292
148 292
147 292
146 292
146 293
145 293
144 293
143 293
142 294
141 294
140 294
139 294
139 295
138 295
137 295
136 295
135 295
135 296
134 296
133 296
132 296
131 296
131 297
130 297
129 297
128 297
127 297
127 298
126 298
125 298
124 298
123 299
122 299
121 299
120 299
119 300
118 300
117 300
116 300
116 301
115 301
114 301
113 301
112 301
112 302
111 302
110 302
109 302
108 302
108 303
107 303
106 303
105 303
104 303
104 304
103 304
102 304
101 304
100 304
100 305
99 305
98 305
97 305
96 305
96 306
95 306
94 306
93 306
92 306
92 307
91 307
90 307
89 307
88 307
88 308
87 308
86 308
85 308
84 308
84 309
83 309
82 309
81 309
80 309
80 310
79 310
78 310
77 310
76 310
76 311
75 311
74 311
73 311
72 311
72 312
71 312
70 312
69 312
68 312
68 313
67 313
66 313
65 313
64 313
63 314
62 314
61 314
60 314
59 314
59 315
58 315
57 315
56 315
55 315
55 316
54 316
53 316
52 316
51 316
51 317
50 317
49 317
48 317
47 317
47 318
46 318
45 318
44 318
43 318
43 319
42 319
41 319
40 319
39 319
38 319
38 320
37 320
36 320
35 320
34 320
34 321
33 321
32 321
31 321
30 321
30 322
29 322
28 322
27 322
26 322
25 323
24 323
23 323
22 323
21 323
21 324
20 324
19 324
18 324
17 324
16 325
15 325
14 325
13 325
12 325
12 326
11 326
10 326
9 326
8 326
8 327
7 327
6 327
5 327
4 327
3 328
2 328
1 328
0 328
0 329
-1 329
-2 329
-3 329
-4 329
-5 330
-6 330
-7 330
-8 330
-9 330
-9 331
-10 331
-11 331
-12 331
-13 331
-14 331
-14 332
-15 332
-16 332
-17 332
-18 332
-18 333
-19 333
-20 333
-21 333
-22 333
-23 333
-23 334
-24 334
-25 334
-26 334
-27 334
-27 335
-28 335
-29 335
-30 335
-31 335
-32 335
-32 336
-33 336
-34 336
-35 336
-36 336
-37 337
-38 337
-39 337
-40 337
-41 337
-41 338
-42 338
-43 338
-44 338
-45 338
-46 338
-46 339
-47 339
-48 339
-49 339
-50 339
-51 340
-52 340
-53 340
-54 340
-55 340
-56 341
-57 341
-58 341
-59 341
-60 341
-60 342
-61 342
-62 342
-63 342
-64 342
-65 342
-65 343
-66 343
-67 343
-68 343
-69 343
-70 343
-70 344
-71 344
-72 344
-73 344
-74 344
-75 344
-75 345
-76 345
-77 345
-78 345
-79 345
-80 345
-80 346
-81 346
-82 346
-83 346
-84 346
-85 347
-86 347
-87 347
-88 347
-89 347
-90 348
-91 348
-92 348
-93 348
-94 348
-95 349
-96 349
-97 349
-98 349
-99 349
-100 349
-100 350
-101 350
-102 350
-103 350
-104 350
-105 350
-105 351
-106 351
-107 351
-108 351
-109 351
-110 351
-111 352
-112 352
-113 352
-114 352
-115 352
-116 352
-116 353
-117 353
-118 353
-119 353
-120 353
-121 353
-121 354
-122 354
-123 354
-124 354
-125 354
-126 354
-127 354
-127 355
-128 355
-129 355
-130 355
-131 355
-132 355
-133 356
-134 356
-135 356
-136 356
-137 356
-138 356
-139 357
-140 357
-141 357
-142 357
-143 357
-144 357
-145 357
-145 358
-146 358
-147 358
-148 358
-149 358
-150 358
-151 358
-151 359
-152 359
-153 359
-154 359
-155 359
-156 359
-157 359
-158 359
-158 360
-159 360
-160 360
-161 360
-162 360
-163 360
-164 360
-165 360
-165 361
-166 361
-167 361
-168 361
-169 361
-170 361
-171 361
-172 361
-172 362
-173 362
-174 362
-175 362
-176 362
-177 362
-178 362
-179 362
-180 362
-180 363
-181 363
-182 363
-183 363
-184 363
-185 363
-186 363
-187 363
-188 363
-189 363
-189 364
-190 364
-191 364
-192 364
-193 364
-194 364
-195 364
-196 364
-197 364
-198 364
-199 365
-200 365
-201 365
-202 365
-203 365
-204 365
-205 365
-206 365
-207 365
-208 365
-209 365
-210 366
-211 366
-212 366
-213 366
-214 366
-215 366
-216 366
-217 366
-218 366
-219 366
-220 366
-221 366
-222 366
-223 366
-223 367
-224 367
-225 367
-226 367
-227 367
-228 367
-229 367
-230 367
-231 367
-232 367
-233 367
-234 367
-235 367
-236 367
-237 367
-238 367
-239 367
-240 367
-241 367
-242 367
-243 367
-244 367
-245 367
-246 367
-247 367
-248 367
-248 368
-249 368
-250 368
-251 368
-252 368
-253 368
-254 368
-255 368
-256 368
-257 368
-258 368
-259 368
-260 368
-261 368
-262 368
-263 368
-264 368
-265 368
-266 368
-266 367
-267 367
-268 367
-269 367
-270 367
-271 367
-272 367
-273 367
-274 367
-275 367
-276 367
-277 367
-278 367
-279 367
-280 367
-281 367
-282 367
-283 367
-284 367
-285 367
-286 367
-287 367
-288 367
-288 366
-289 366
-290 366
-291 366
-292 366
-293 366
-294 366
-295 366
-296 366
-297 366
-298 366
-299 366
-299 365
-300 365
-301 365
-302 365
-303 365
-304 365
-305 365
-306 365
-307 365
-307 364
-308 364
-309 364
-310 364
-311 364
-312 364
-313 364
-314 364
-314 363
-315 363
-316 363
-317 363
-318 363
-319 363
-320 363
-320 362
-321 362
-322 362
-323 362
-324 362
-325 362
-325 361
-326 361
-327 361
-328 361
-329 361
-329 360
-330 360
-331 360
-332 360
-333 360
-334 359
-335 359
-336 359
-337 359
-337 358
-338 358
-339 358
-340 358
-341 358
-341 357
-342 357
-343 357
-344 357
-344 356
-345 356
-346 356
-347 356
-347 355
-348 355
-349 355
-350 355
-350 354
-351 354
-352 354
-353 354
-353 353
-354 353
-355 353
-356 353
-356 352
-357 352
-358 352
-358 351
-359 351
-360 351
-361 350
-362 350
-363 350
-363 349
-364 349
-365 349
-365 348
-366 348
-367 348
-367 347
-368 347
-369 347
-369 346
-370 346
-371 346
-371 345
-372 345
-373 345
-373 344
-374 344
-374 343
-375 343
-376 343
-376 342
-377 342
-378 342
-378 341
-379 341
-379 340
-380 340
-381 340
-381 339
-382 339
-382 338
-383 338
-384 338
-384 337
-385 337
-385 336
-386 336
-386 335
-387 335
-388 335
-388 334
-389 334
-389 333
-390 333
-390 332
-391 332
-391 331
-392 331
-392 330
-393 330
-393 329
-394 329
-394 328
-395 328
-395 327
-396 327
-396 326
-397 326
-397 325
-398 325
-398 324
-399 324
-399 323
-400 323
-400 322
-401 322
-401 321
-402 321
-402 320
-403 320
-403 319
-403 318
-404 318
-404 317
-405 317
-405 316
-406 315
-406 314
-407 314
-407 313
-408 312
-408 311
-409 311
-409 310
-409 309
-410 309
-410 308
-410 307
-411 307
-411 306
-412 306
-412 305
-412 304
-413 304
-413 303
-413 302
-413 301
-414 301
-414 300
-414 299
-415 299
-415 298
-415 297
-416 297
-416 296
-416 295
-416 294
-417 294
-417 293
-417 292
-417 291
-418 291
-418 290
-418 289
-418 288
-419 288
-419 287
-419 286
-419 285
-419 284
-420 284
-420 283
-420 282
-420 281
-420 280
-420 279
-421 279
-421 278
-421 277
-421 276
-421 275
-421 274
-421 273
-422 273
-422 272
-422 271
-422 270
-422 269
-422 268
-422 267
-422 266
-422 265
-422 264
-422 263
-422 262
-422 261
-422 260
-423 260
-423 259
-423 258
-423 257
-423 256
-423 255
-423 254
-423 253
-423 252
-423 251
-422 251
-422 250
-422 249
-422 248
-422 247
-422 246
-422 245
-422 244
-422 243
-422 242
-422 241
-422 240
-422 239
-422 238
-422 237
-421 237
-421 236
-421 235
-421 234
-421 233
-421 232
-421 231
-421 230
-420 230
-420 229
-420 228
-420 227
-420 226
-420 225
-420 224
-419 224
-419 223
-419 222
-419 221
-419 220
-419 219
-418 218
-418 217
-418 216
-418 215
-418 214
-417 214
-417 213
-417 212
-417 211
-417 210
-416 209
-416 208
-416 207
-416 206
-415 205
-415 204
-415 203
-415 202
-414 202
-414 201
-414 200
-414 199
-414 198
-413 198
-413 197
-413 196
-413 195
-412 195
-412 194
-412 193
-412 192
-411 192
-411 191
-411 190
-411 189
-411 188
-410 188
-410 187
-410 186
-410 185
-409 185
-409 184
-409 183
-409 182
-408 182
-408 181
-408 180
-407 180
-407 179
-407 178
-407 177
-406 177
-406 176
-406 175
-406 174
-405 174
-405 173
-405 172
-405 171
-404 171
-404 170
-404 169
-403 169
-403 168
-403 167
-403 166
-402 166
-402 165
-402 164
-401 164
-401 163
-401 162
-401 161
-400 161
-400 160
-400 159
-399 159
-399 158
-399 157
-399 156
-398 156
-398 155
-398 154
-397 154
-397 153
-397 152
-396 152
-396 151
-396 150
-395 149
-395 148
-395 147
-394 147
-394 146
-394 145
-393 145
-393 144
-393 143
-392 143
-392 142
-392 141
-391 141
-391 140
-391 139
-390 138
-390 137
-389 136
-389 135
-389 134
-388 134
-388 133
-388 132
-387 132
-387 131
-387 130
-386 130
-386 129
-386 128
-385 128
-385 127
-385 126
-384 126
-384 125
-384 124
-383 124
-383 123
-383 122
-382 122
-382 121
-382 120
-381 120
-381 119
-381 118
-380 118
-380 117
-380 116
-379 116
-379 115
-378 114
-378 113
-377 113
-377 112
-377 111
-376 111
-376 110
-376 109
-375 109
-375 108
-375 107
-374 107
-374 106
-374 105
-373 105
-373 104
-373 103
-372 103
-372 102
-371 102
-371 101
-371 100
-370 100
-370 99
-370 98
-369 98
-369 97
-369 96
-368 96
-368 95
-368 94
-367 94
-367 93
-366 93
-366 92
-366 91
-365 91
-365 90
-365 89
-364 89
-364 88
-363 87
-363 86
-362 86
-362 85
-362 84
-361 84
-361 83
-361 82
-360 82
-360 81
-359 81
-359 80
-359 79
-358 79
-358 78
-358 77
-357 77
-357 76
-356 76
-356 75
-356 74
-355 74
-355 73
-355 72
-354 72
-354 71
-353 71
-353 70
-353 69
-352 69
-352 68
-351 68
-351 67
-351 66
-350 66
-350 65
-350 64
-349 64
-349 63
-348 63
-348 62
-348 61
-347 61
-347 60
-346 60
-346 59
-346 58
-345 58
-345 57
-344 56
-344 55
-343 55
-343 54
-343 53
-342 53
-342 52
-341 52
-341 51
-341 50
-340 50
-340 49
-339 49
-339 48
-339 47
-338 47
-338 46
-337 46
-337 45
-337 44
-336 44
-336 43
-335 43
-335 42
-335 41
-334 41
-334 40
-333 40
-333 39
-333 38
-332 38
-332 37
-331 37
-331 36
-331 35
-330 35
-330 34
-329 34
-329 33
-329 32
-328 32
-328 31
-327 31
-327 30
-327 29
-326 29
-326 28
-325 28
-325 27
-325 26
-324 26
-324 25
-323 25
-323 24
-323 23
-322 23
-322 22
-321 22
-321 21
-320 21
-320 20
-320 19
-319 19
-319 18
-318 18
-318 17
-318 16
-317 16
-317 15
-316 15
-316 14
-315 13
-315 12
-314 12
-314 11
-313 11
-313 10
-313 9
-312 9
-312 8
-311 8
-311 7
-310 6
-310 5
-309 5
-309 4
-308 4
-308 3
-308 2
-307 2
-307 1
-306 1
-306 0
-305 0
-305 -1
-304 -1
-304 -2
-303 -2
-303 -3
-302 -4
-302 -5
-301 -5
-301 -6
-300 -6
-300 -7
-300 -8
-299 -8
-299 -9
-298 -9
-298 -10
-297 -10
-297 -11
-297 -12
-296 -12
-296 -13
-295 -13
-295 -14
-294 -14
-294 -15
-294 -16
-293 -16
-293 -17
-292 -17
-292 -18
-291 -18
-291 -19
-291 -20
-290 -20
-290 -21
-289 -21
-289 -22
-288 -22
-288 -23
-287 -24
-287 -25
-286 -25
-286 -26
-285 -26
-285 -27
-284 -27
-284 -28
-284 -29
-283 -29
-283 -30
-282 -30
-282 -31
-281 -31
-281 -32
-281 -33
-280 -33
-280 -34
-279 -34
-279 -35
-278 -35
-278 -36
-277 -36
-277 -37
-277 -38
-276 -38
-276 -39
-275 -39
-275 -40
-274 -40
-274 -41
-273 -42
-273 -43
-272 -43
-272 -44
-271 -44
-271 -45
-270 -45
-270 -46
-270 -47
-269 -47
-269 -48
-268 -48
-268 -49
-267 -49
-267 -50
-266 -50
-266 -51
-266 -52
-265 -52
-265 -53
-264 -53
-264 -54
-263 -54
-263 -55
-262 -55
-262 -56
-261 -57
-261 -58
-260 -58
-260 -59
-259 -59
-259 -60
-258 -60
-258 -61
-258 -62
-257 -62
-257 -63
-256 -63
-256 -64
-255 -64
-255 -65
-254 -65
-254 -66
-253 -66
-253 -67
-253 -68
-252 -68
-252 -69
-251 -69
-251 -70
-250 -70
-250 -71
-249 -71
-249 -72
-248 -73
-248 -74
-247 -74
-247 -75
-246 -75
-246 -76
-245 -76
-245 -77
-244 -77
-244 -78
-243 -79
-243 -80
-242 -80
-242 -81
-241 -81
-241 -82
-240 -82
-240 -83
-239 -83
-239 -84
-238 -84
-238 -85
-238 -86
-237 -86
-237 -87
-236 -87
-236 -88
-235 -88
-235 -89
-234 -89
-234 -90
-233 -90
-233 -91
-233 -92
-232 -92
-232 -93
-231 -93
-231 -94
-230 -94
-230 -95
-229 -95
-229 -96
-228 -96
-228 -97
-227 -97
-227 -98
-226 -99
-226 -100
-225 -100
-225 -101
-224 -101
-224 -102
-223 -102
-223 -103
-222 -103
-222 -104
-221 -104
-221 -105
-220 -105
-220 -106
-220 -107
-219 -107
-219 -108
-218 -108
-218 -109
-217 -109
-217 -110
-216 -110
-216 -111
-215 -111
-215 -112
-214 -112
-214 -113
-213 -113
-213 -114
-212 -115
-212 -116
-211 -116
-211 -117
-210 -117
-210 -118
-209 -118
-209 -119
-208 -119
-208 -120
-207 -120
-207 -121
-206 -121
-206 -122
-205 -123
-205 -124
-204 -124
-204 -125
-203 -125
-203 -126
-202 -126
-202 -127
-201 -127
-201 -128
-200 -128
-200 -129
-199 -129
-199 -130
-198 -130
-198 -131
-197 -131
-197 -132
-196 -133
-196 -134
-195 -134
-195 -135
-194 -135
-194 -136
-193 -136
-193 -137
-192 -137
-192 -138
-191 -138
-191 -139
-190 -139
-190 -140
-189 -140
-189 -141
-188 -141
-188 -142
-187 -143
-186 -144
-186 -145
-185 -145
-185 -146
-184 -146
-184 -147
-183 -147
-183 -148
-182 -148
-182 -149
-181 -149
-181 -150
-180 -150
-180 -151
-179 -151
-179 -152
-178 -152
-178 -153
-177 -153
-177 -154
-176 -154
-176 -155
-175 -155
-175 -156
-174 -157
-173 -158
-173 -159
-172 -159
-172 -160
-171 -160
-171 -161
-170 -161
-170 -162
-169 -162
-169 -163
-168 -163
-168 -164
-167 -164
-167 -165
-166 -165
-166 -166
-165 -166
-165 -167
-164 -167
-164 -168
-163 -168
-163 -169
-162 -169
-162 -170
-161 -170
-161 -171
-160 -171
-160 -172
-159 -172
-159 -173
-158 -173
-158 -174
-157 -175
-156 -176
-156 -177
-155 -177
-155 -178
-154 -178
-154 -179
-153 -179
-153 -180
-152 -180
-152 -181
-151 -181
-151 -182
-150 -182
-150 -183
-149 -183
-149 -184
-148 -184
-148 -185
-147 -185
-147 -186
-146 -186
-146 -187
-145 -187
-145 -188
-144 -188
-144 -189
-143 -189
-143 -190
-142 -190
-142 -191
-141 -191
-141 -192
-140 -192
-140 -193
-139 -193
-139 -194
-138 -194
-138 -195
-137 -195
-137 -196
-136 -196
-136 -197
-135 -197
-135 -198
-134 -198
-134 -199
-133 -199
-133 -200
-132 -200
-132 -201
-131 -201
-131 -202
-130 -202
-130 -203
-129 -203
-129 -204
-128 -204
-128 -205
-127 -205
-127 -206
-126 -206
-126 -207
-125 -207
-125 -208
-124 -208
-124 -209
-123 -209
-123 -210
-122 -210
-122 -211
-121 -211
-121 -212
-120 -212
-120 -213
-119 -213
-119 -214
-118 -214
-118 -215
-117 -215
-117 -216
-116 -216
-116 -217
-115 -217
-115 -218
-114 -218
-114 -219
-113 -219
-113 -220
-112 -220
-112 -221
-111 -221
-111 -222
-110 -222
-110 -223
-109 -223
-109 -224
-108 -224
-108 -225
-107 -225
-107 -226
-106 -226
-106 -227
-105 -227
-105 -228
-104 -228
-104 -229
-103 -229
-103 -230
-102 -230
-102 -231
-101 -231
-101 -232
-100 -232
-100 -233
-99 -233
-99 -234
-98 -234
-98 -235
-97 -235
-97 -236
-96 -236
-96 -237
-95 -237
-95 -238
-94 -238
-94 -239
-93 -239
-93 -240
-92 -240
-91 -241
-90 -242
-89 -243
-88 -244
-87 -244
-87 -245
-86 -245
-86 -246
-85 -246
-85 -247
-84 -247
-84 -248
-83 -248
-83 -249
-82 -249
-82 -250
-81 -250
-81 -251
-80 -251
-80 -252
-79 -252
-79 -253
-78 -253
-78 -254
-77 -254
-77 -255
-76 -255
-76 -256
-75 -256
-75 -257
-74 -257
-74 -258
-73 -258
-73 -259
-72 -259
-71 -260
-70 -260
-70 -261
-69 -261
-69 -262
-68 -262
-68 -263
-67 -263
-67 -264
-66 -264
-66 -265
-65 -265
-65 -266
-64 -266
-64 -267
-63 -267
-63 -268
-62 -268
-62 -269
-61 -269
-61 -270
-60 -270
-59 -271
-58 -272
-57 -272
-57 -273
-56 -273
-56 -274
-55 -274
-55 -275
-54 -275
-54 -276
-53 -276
-53 -277
-52 -277
-52 -278
-51 -278
-51 -279
-50 -279
-50 -280
-49 -280
-49 -281
-48 -281
-47 -281
-47 -282
-46 -282
-46 -283
-45 -283
-45 -284
-44 -284
-44 -285
-43 -285
-43 -286
-42 -286
-42 -287
-41 -287
-41 -288
-40 -288
-40 -289
-39 -289
-38 -290
-37 -290
-37 -291
-36 -291
-36 -292
-35 -292
-35 -293
-34 -293
-34 -294
-33 -294
-33 -295
-32 -295
-32 -296
-31 -296
-31 -297
-30 -297
-29 -298
-28 -298
-28 -299
-27 -299
-27 -300
-26 -300
-26 -301
-25 -301
-25 -302
-24 -302
-24 -303
-23 -303
-23 -304
-22 -304
-21 -305
-20 -305
-20 -306
-19 -306
-19 -307
-18 -307
-18 -308
-17 -308
-17 -309
-16 -309
-16 -310
-15 -310
-14 -311
-13 -311
-13 -312
-12 -312
-12 -313
-11 -313
-11 -314
-10 -314
-10 -315
-9 -315
-9 -316
-8 -316
-7 -317
-6 -317
-6 -318
-5 -318
-5 -319
-4 -319
-4 -320
-3 -320
-3 -321
-2 -321
-2 -322
-1 -322
0 -322
0 -323
0 -324
1 -324
1 -325
2 -325
2 -326
3 -326
3 -327
4 -327
5 -327
5 -328
6 -328
6 -329
7 -329
7 -330
8 -330
8 -331
9 -331
9 -332
10 -332
11 -332
11 -333
12 -333
12 -334
13 -334
13 -335
14 -335
14 -336
15 -336
16 -337
17 -337
17 -338
18 -338
18 -339
19 -339
19 -340
20 -340
20 -341
21 -341
22 -341
22 -342
23 -342
23 -343
24 -343
24 -344
25 -344
25 -345
26 -345
27 -345
27 -346
28 -346
28 -347
29 -347
29 -348
30 -348
30 -349
31 -349
32 -349
32 -350
33 -350
33 -351
34 -351
34 -352
35 -352
35 -353
36 -353
37 -353
37 -354
38 -354
38 -355
39 -355
39 -356
40 -356
41 -356
41 -357
42 -357
42 -358
43 -358
43 -359
44 -359
44 -360
45 -360
46 -360
46 -361
47 -361
47 -362
48 -362
48 -363
49 -363
50 -363
50 -364
51 -364
51 -365
52 -365
52 -366
53 -366
54 -366
54 -367
55 -367
55 -368
56 -368
56 -369
57 -369
58 -370
59 -370
59 -371
60 -371
60 -372
61 -372
62 -373
63 -373
63 -374
64 -374
64 -375
65 -375
66 -376
67 -376
67 -377
68 -377
68 -378
69 -378
70 -378
70 -379
71 -379
71 -380
72 -380
72 -381
73 -381
74 -381
74 -382
75 -382
75 -383
76 -383
77 -384
78 -384
78 -385
79 -385
79 -386
80 -386
81 -386
81 -387
82 -387
82 -388
83 -388
84 -389
85 -389
85 -390
86 -390
86 -391
87 -391
88 -391
88 -392
89 -392
89 -393
90 -393
91 -393
91 -394
92 -394
92 -395
93 -395
94 -395
94 -396
95 -396
95 -397
96 -397
97 -398
98 -398
98 -399
99 -399
100 -399
100 -400
101 -400
101 -401
102 -401
103 -401
103 -402
104 -402
105 -403
106 -403
106 -404
107 -404
108 -404
108 -405
109 -405
110 -405
110 -406
111 -406
112 -406
112 -407
113 -407
114 -407
115 -407
115 -408
116 -408
117 -408
117 -409
118 -409
119 -409
120 -409
120 -410
121 -410
122 -410
123 -410
123 -411
124 -411
125 -411
126 -411
126 -412
127 -412
128 -412
129 -412
130 -412
130 -413
131 -413
132 -413
133 -413
134 -413
134 -414
135 -414
136 -414
137 -414
138 -414
139 -414
139 -415
140 -415
141 -415
142 -415
143 -415
144 -415
145 -415
145 -416
146 -416
147 -416
148 -416
149 -416
150 -416
151 -416
152 -416
153 -416
153 -417
154 -417
155 -417
156 -417
157 -417
158 -417
159 -417
160 -417
161 -417
162 -417
163 -417
164 -417
165 -417
166 -417
167 -417
168 -417
169 -417
170 -417
171 -417
172 -417
173 -417
174 -417
175 -417
176 -417
177 -417
178 -417
179 -417
180 -417
181 -417
182 -417
183 -417
184 -417
185 -417
186 -417
187 -417
188 -417
189 -417
190 -417
191 -417
192 -417
193 -417
194 -417
195 -417
196 -417
197 -417
197 -416
198 -416
199 -416
200 -416
201 -416
202 -416
203 -416
204 -416
205 -416
206 -416
207 -416
207 -415
208 -415
209 -415
210 -415
211 -415
212 -415
213 -415
214 -415
215 -415
215 -414
216 -414
217 -414
218 -414
219 -414
220 -414
221 -414
222 -414
222 -413
223 -413
224 -413
225 -413
226 -413
227 -413
228 -413
229 -413
229 -412
230 -412
231 -412
232 -412
233 -412
234 -412
234 -411
235 -411
236 -411
237 -411
238 -411
239 -411
240 -411
240 -410
241 -410
242 -410
243 -410
244 -410
245 -410
245 -409
246 -409
247 -409
248 -409
249 -409
250 -409
250 -408
251 -408
252 -408
253 -408
254 -408
254 -407
255 -407
256 -407
257 -407
258 -407
259 -407
259 -406
260 -406
261 -406
262 -406
263 -406
263 -405
264 -405
265 -405
266 -405
267 -405
267 -404
268 -404
269 -404
270 -404
271 -404
271 -403
272 -403
273 -403
274 -403
275 -403
275 -402
276 -402
277 -402
278 -402
279 -402
279 -401
280 -401
281 -401
282 -401
283 -401
283 -400
284 -400
285 -400
286 -400
286 -399
287 -399
288 -399
289 -399
290 -399
290 -398
291 -398
292 -398
293 -398
293 -397
294 -397
295 -397
296 -397
297 -397
297 -396
298 -396
299 -396
300 -396
300 -395
301 -395
302 -395
303 -395
304 -395
304 -394
305 -394
306 -394
307 -394
307 -393
308 -393
309 -393
310 -393
310 -392
311 -392
312 -392
313 -392
313 -391
314 -391
315 -391
316 -391
316 -390
317 -390
318 -390
319 -390
319 -389
320 -389
321 -389
322 -389
322 -388
323 -388
324 -388
325 -388
325 -387
326 -387
327 -387
328 -387
328 -386
329 -386
330 -386
331 -386
331 -385
332 -385
333 -385
334 -385
334 -384
335 -384
336 -384
337 -384
337 -383
338 -383
339 -383
340 -383
340 -382
341 -382
342 -382
343 -382
343 -381
344 -381
345 -381
346 -380
347 -380
348 -380
348 -379
349 -379
350 -379
351 -379
351 -378
352 -378
353 -378
354 -377
355 -377
356 -377
356 -376
357 -376
358 -376
359 -376
359 -375
360 -375
361 -375
362 -374
363 -374
364 -374
364 -373
365 -373
366 -373
367 -373
367 -372
368 -372
369 -372
369 -371
370 -371
371 -371
372 -371
372 -370
373 -370
374 -370
374 -369
375 -369
376 -369
377 -369
377 -368
378 -368
379 -368
379 -367
380 -367
381 -367
382 -367
382 -366
383 -366
384 -366
384 -365
385 -365
386 -365
387 -364
388 -364
389 -364
389 -363
390 -363
391 -363
391 -362
392 -362
393 -362
394 -362
394 -361
395 -361
396 -361
396 -360
397 -360
398 -360
398 -359
399 -359
400 -359
401 -359
401 -358
402 -358
403 -358
403 -357
404 -357
405 -357
405 -356
406 -356
407 -356
408 -356
408 -355
409 -355
410 -355
410 -354
411 -354
412 -354
412 -353
413 -353
414 -353
415 -352
416 -352
417 -352
417 -351
418 -351
419 -351
419 -350
420 -350
421 -350
421 -349
422 -349
423 -349
423 -348
424 -348
425 -348
426 -347
427 -347
428 -347
428 -346
429 -346
430 -346
430 -345
431 -345
432 -345
432 -344
433 -344
434 -344
434 -343
435 -343
436 -343
436 -342
437 -342
438 -342
438 -341
439 -341
440 -341
440 -340
441 -340
442 -340
442 -339
443 -339
444 -339
445 -338
446 -338
447 -338
447 -337
448 -337
449 -337
449 -336
450 -336
451 -336
451 -335
452 -335
453 -335
453 -334
454 -334
455 -334
455 -333
456 -333
457 -333
457 -332
458 -332
459 -332
459 -331
460 -331
461 -331
461 -330
462 -330
463 -330
463 -329
464 -329
465 -329
465 -328
466 -328
467 -328
467 -327
468 -327
469 -327
469 -326
470 -326
471 -326
471 -325
472 -325
473 -325
473 -324
474 -324
475 -323
476 -323
476 -322
477 -322
478 -322
478 -321
479 -321
480 -321
480 -320
481 -320
482 -320
482 -319
483 -319
484 -319
484 -318
485 -318
486 -318
486 -317
487 -317
488 -317
488 -316
489 -316
490 -316
490 -315
491 -315
492 -315
492 -314
493 -314
493 -313
494 -313
495 -313
495 -312
496 -312
497 -312
497 -311
498 -311
499 -311
499 -310
500 -310
501 -310
501 -309
502 -309
503 -309
503 -308
504 -308
504 -307
505 -307
506 -307
506 -306
507 -306
508 -306
508 -305
509 -305
510 -305
510 -304
511 -304
511 -303
512 -303
513 -303
513 -302
514 -302
515 -302
515 -301
516 -301
517 -301
517 -300
518 -300
519 -299
520 -299
520 -298
521 -298
522 -298
522 -297
523 -297
524 -297
524 -296
525 -296
525 -295
526 -295
527 -295
527 -294
528 -294
529 -294
529 -293
530 -293
531 -292
532 -292
532 -291
533 -291
534 -291
534 -290
535 -290
536 -289
537 -289
537 -288
538 -288
539 -288
539 -287
540 -287
541 -286
542 -286
542 -285
543 -285
544 -285
544 -284
545 -284
545 -283
546 -283
547 -283
547 -282
548 -282
549 -282
549 -281
550 -281
550 -280
551 -280
552 -280
552 -279
553 -279
553 -278
554 -278
555 -278
555 -277
556 -277
557 -277
557 -276
558 -276
558 -275
559 -275
560 -275
560 -274
561 -274
561 -273
562 -273
563 -273
563 -272
564 -272
565 -271
566 -271
566 -270
567 -270
568 -270
568 -269
569 -269
569 -268
570 -268
571 -268
571 -267
572 -267
572 -266
573 -266
574 -266
574 -265
575 -265
575 -264
576 -264
577 -264
577 -263
578 -263
578 -262
579 -262
580 -262
580 -261
581 -261
581 -260
582 -260
583 -260
583 -259
584 -259
584 -258
585 -258
586 -257
587 -257
587 -256
588 -256
588 -255
589 -255
590 -255
590 -254
591 -254
591 -253
592 -253
593 -253
593 -252
594 -252
594 -251
595 -251
596 -250
597 -250
597 -249
598 -249
598 -248
599 -248
600 -248
600 -247
601 -247
601 -246
602 -246
603 -246
603 -245
604 -245
604 -244
605 -244
605 -243
606 -243
607 -243
607 -242
608 -242
608 -241
609 -241
609 -240
610 -240
611 -240
611 -239
612 -239
612 -238
613 -238
613 -237
614 -237
615 -237
615 -236
616 -236
616 -235
617 -235
617 -234
618 -234
619 -234
619 -233
620 -233
620 -232
621 -232
621 -231
622 -231
623 -231
623 -230
624 -230
624 -229
625 -229
625 -228
626 -228
626 -227
627 -227
628 -227
628 -226
629 -226
629 -225
630 -225
630 -224
631 -224
631 -223
632 -223
633 -222
634 -222
634 -221
635 -221
635 -220
636 -220
636 -219
637 -219
638 -218
639 -218
639 -217
640 -217
640 -216
641 -216
641 -215
642 -215
642 -214
643 -214
643 -213
644 -213
645 -212
646 -212
646 -211
647 -211
647 -210
648 -210
648 -209
649 -209
649 -208
650 -208
650 -207
651 -207
651 -206
652 -206
652 -205
653 -205
654 -205
654 -204
655 -204
655 -203
656 -203
656 -202
657 -202
657 -201
658 -201
658 -200
659 -200
659 -199
660 -199
660 -198
661 -198
661 -197
662 -197
662 -196
663 -196
663 -195
664 -195
664 -194
665 -194
665 -193
666 -193
666 -192
667 -192
667 -191
668 -191
668 -190
669 -190
669 -189
670 -189
670 -188
671 -188
671 -187
672 -187
672 -186
673 -186
673 -185
674 -185
674 -184
675 -184
675 -183
676 -183
676 -182
677 -182
677 -181
678 -181
678 -180
679 -180
679 -179
680 -178
680 -177
681 -177
681 -176
682 -176
682 -175
683 -175
683 -174
684 -174
684 -173
685 -173
685 -172
685 -171
686 -171
686 -170
687 -170
687 -169
688 -169
688 -168
689 -168
689 -167
689 -166
690 -166
690 -165
691 -165
691 -164
692 -164
692 -163
692 -162
693 -162
693 -161
694 -161
694 -160
695 -160
695 -159
695 -158
696 -158
696 -157
697 -157
697 -156
697 -155
698 -155
698 -154
699 -153
699 -152
700 -152
700 -151
700 -150
701 -150
701 -149
701 -148
702 -148
702 -147
703 -147
703 -146
703 -145
704 -145
704 -144
704 -143
705 -143
705 -142
705 -141
705 -140
706 -140
706 -139
706 -138
707 -138
707 -137
707 -136
708 -136
708 -135
708 -134
708 -133
709 -133
709 -132
709 -131
709 -130
709 -129
710 -129
710 -128
710 -127
710 -126
710 -125
710 -124
711 -124
711 -123
711 -122
711 -121
711 -120
711 -119
711 -118
711 -117
711 -116
711 -115
711 -114
711 -113
711 -112
710 -112
710 -111
710 -110
710 -109
710 -108
710 -107
709 -107
709 -106
709 -105
708 -105
708 -104
708 -103
708 -102
707 -102
707 -101
706 -101
706 -100
706 -99
705 -99
705 -98
704 -98
704 -97
704 -96
703 -96
703 -95
702 -95
702 -94
701 -94
701 -93
700 -93
700 -92
699 -92
699 -91
698 -91
698 -90
697 -90
697 -89
696 -89
695 -89
695 -88
694 -88
694 -87
693 -87
692 -87
692 -86
691 -86
691 -85
690 -85
689 -85
689 -84
688 -84
687 -84
687 -83
686 -83
685 -83
685 -82
684 -82
683 -82
683 -81
682 -81
681 -81
680 -80
679 -80
678 -80
678 -79
677 -79
676 -79
675 -79
675 -78
674 -78
673 -78
672 -78
672 -77
671 -77
670 -77
669 -77
669 -76
668 -76
667 -76
666 -76
665 -76
665 -75
664 -75
663 -75
662 -75
661 -75
661 -74
660 -74
659 -74
658 -74
657 -74
656 -74
656 -73
655 -73
654 -73
653 -73
652 -73
651 -73
651 -72
650 -72
649 -72
648 -72
647 -72
646 -72
645 -72
645 -71
644 -71
643 -71
642 -71
641 -71
640 -71
639 -71
638 -71
637 -71
637 -70
636 -70
635 -70
634 -70
633 -70
632 -70
631 -70
630 -70
629 -70
628 -70
627 -70
626 -70
626 -69
625 -69
624 -69
623 -69
622 -69
621 -69
620 -69
619 -69
618 -69
617 -69
616 -69
615 -69
614 -69
613 -69
612 -69
611 -69
610 -69
609 -69
608 -69
607 -69
606 -69
605 -69
605 -68
604 -68
603 -68
602 -68
601 -68
600 -68
599 -68
598 -68
597 -68
596 -68
595 -68
594 -68
593 -68
592 -68
591 -68
590 -68
589 -68
588 -68
587 -68
586 -68
585 -68
584 -68
583 -68
582 -68
582 -69
581 -69
580 -69
579 -69
578 -69
577 -69
576 -69
575 -69
574 -69
573 -69
572 -69
571 -69
570 -69
569 -69
568 -69
567 -69
566 -69
565 -69
564 -69
563 -69
562 -69
561 -69
560 -69
559 -69
558 -69
557 -69
557 -70
556 -70
555 -70
554 -70
553 -70
552 -70
551 -70
550 -70
549 -70
548 -70
547 -70
546 -70
545 -70
544 -70
543 -70
542 -70
541 -71
540 -71
539 -71
538 -71
537 -71
536 -71
535 -71
534 -71
533 -71
532 -71
531 -71
530 -71
529 -71
529 -72
528 -72
527 -72
526 -72
525 -72
524 -72
523 -72
522 -72
521 -72
520 -72
519 -72
518 -72
518 -73
517 -73
516 -73
515 -73
514 -73
513 -73
512 -73
511 -73
510 -73
509 -73
508 -74
507 -74
506 -74
505 -74
504 -74
503 -74
502 -74
501 -74
500 -74
499 -74
499 -75
498 -75
497 -75
496 -75
495 -75
494 -75
493 -75
492 -75
491 -75
490 -75
489 -75
489 -76
488 -76
487 -76
486 -76
485 -76
484 -76
483 -76
482 -76
481 -76
480 -76
479 -76
479 -77
478 -77
477 -77
476 -77
475 -77
474 -77
473 -77
472 -77
471 -77
470 -77
469 -77
468 -77
468 -78
467 -78
466 -78
465 -78
464 -78
463 -78
462 -78
461 -78
460 -78
459 -78
458 -78
457 -78
456 -78
455 -78
455 -79
454 -79
453 -79
452 -79
451 -79
450 -79
449 -79
448 -79
447 -79
446 -79
445 -79
444 -79
443 -79
442 -79
441 -79
440 -79
439 -79
439 -80
438 -80
437 -80
436 -80
435 -80
434 -80
433 -80
432 -80
431 -80
430 -80
429 -80
428 -80
427 -80
426 -80
425 -80
424 -80
423 -80
422 -80
421 -80
420 -80
419 -80
418 -80
417 -80
416 -80
415 -80
414 -80
413 -80
413 -81
412 -81
411 -81
410 -81
409 -81
408 -81
407 -81
406 -81
405 -81
404 -81
403 -81
402 -81
401 -81
400 -81
399 -81
398 -81
397 -81
396 -81
395 -81
394 -81
393 -81
392 -81
391 -81
390 -81
389 -81
388 -81
387 -81
386 -81
385 -81
384 -81
383 -81
382 -81
381 -81
380 -81
379 -81
378 -81
377 -81
376 -81
376 -80
375 -80
374 -80
373 -80
372 -80
371 -80
370 -80
369 -80
368 -80
367 -80
366 -80
365 -80
364 -80
363 -80
362 -80
361 -80
360 -80
359 -80
358 -80
357 -80
356 -80
355 -80
354 -80
353 -80
352 -79
351 -79
350 -79
349 -79
348 -79
347 -79
346 -79
345 -79
344 -79
343 -79
342 -79
341 -79
340 -79
339 -79
339 -78
338 -78
337 -78
336 -78
335 -78
334 -78
333 -78
332 -78
331 -78
330 -78
329 -78
328 -78
328 -77
327 -77
326 -77
325 -77
324 -77
323 -77
322 -77
321 -77
320 -77
319 -77
319 -76
318 -76
317 -76
316 -76
315 -76
314 -76
313 -76
312 -76
311 -76
311 -75
310 -75
309 -75
308 -75
307 -75
306 -75
305 -75
304 -75
304 -74
303 -74
302 -74
301 -74
300 -74
299 -74
298 -74
298 -73
297 -73
296 -73
295 -73
294 -73
293 -73
292 -73
292 -72
291 -72
290 -72
289 -72
288 -72
287 -72
287 -71
286 -71
285 -71
284 -71
283 -71
282 -71
282 -70
281 -70
280 -70
279 -70
278 -70
277 -70
277 -69
276 -69
275 -69
274 -69
273 -69
272 -68
271 -68
270 -68
269 -68
268 -68
268 -67
267 -67
266 -67
265 -67
264 -67
264 -66
263 -66
262 -66
261 -66
260 -65
259 -65
258 -65
257 -65
257 -64
256 -64
255 -64
254 -64
253 -64
253 -63
252 -63
251 -63
250 -63
250 -62
249 -62
248 -62
247 -62
247 -61
246 -61
245 -61
244 -61
244 -60
243 -60
242 -60
241 -60
241 -59
240 -59
239 -59
238 -59
238 -58
237 -58
236 -58
235 -58
235 -57
234 -57
233 -57
233 -56
232 -56
231 -56
230 -56
230 -55
229 -55
228 -55
228 -54
227 -54
226 -54
225 -54
225 -53
224 -53
223 -53
223 -52
222 -52
221 -52
221 -51
220 -51
219 -51
219 -50
218 -50
217 -50
217 -49
216 -49
215 -49
215 -48
214 -48
213 -48
213 -47
212 -47
211 -47
211 -46
210 -46
209 -46
209 -45
208 -45
207 -45
207 -44
206 -44
205 -44
205 -43
204 -43
204 -42
203 -42
202 -42
202 -41
201 -41
201 -40
200 -40
199 -40
199 -39
198 -39
198 -38
197 -38
196 -38
196 -37
195 -37
195 -36
194 -36
193 -36
193 -35
192 -35
192 -34
191 -34
191 -33
190 -33
190 -32
189 -32
188 -32
188 -31
187 -31
187 -30
186 -30
186 -29
185 -29
185 -28
184 -28
184 -27
183 -27
183 -26
182 -26
182 -25
181 -25
181 -24
180 -24
180 -23
179 -23
179 -22
178 -22
178 -21
178 -20
177 -20
177 -19
176 -19
176 -18
175 -18
175 -17
175 -16
174 -16
174 -15
173 -15
173 -14
173 -13
172 -13
172 -12
172 -11
171 -11
171 -10
171 -9
170 -9
170 -8
170 -7
169 -7
169 -6
169 -5
169 -4
168 -4
168 -3
168 -2
168 -1
168 0
167 0
167 1
167 2
167 3
167 4
167 5
167 6
167 7
167 8
167 9
167 10
167 11
167 12
167 13
168 13
168 14
168 15
168 16
168 17
169 17
169 18
169 19
170 19
170 20
170 21
170 22
171 22
171 23
171 24
172 24
172 25
173 25
173 26
173 27
174 27
174 28
175 28
175 29
175 30
176 30
176 31
177 31
177 32
178 32
178 33
179 33
179 34
180 35
180 36
181 36
181 37
182 37
183 37
183 38
184 38
184 39
185 39
185 40
186 40
186 41
187 41
187 42
188 42
189 42
189 43
190 43
190 44
191 44
191 45
192 45
193 45
193 46
194 46
194 47
195 47
196 47
196 48
197 48
198 48
198 49
199 49